2 0.115625 0.14296875 0.1828125 0.234375
2 0.8703125 0.36328125 0.1828125 0.24375
2 0.128125 0.64453125 0.1875 0.2359375
0 0.36484375 0.1234375 0.2015625 0.23125
0 0.60234375 0.12578125 0.2 0.2171875
0 0.621875 0.3671875 0.1921875 0.234375
0 0.63203125 0.6203125 0.178125 0.24375
0 0.13671875 0.890625 0.1859375 0.21875
0 0.63515625 0.875 0.209375 0.246875
0 0.88515625 0.87109375 0.1828125 0.225
3 0.86484375 0.11328125 0.1953125 0.2265625
2 0.3734375 0.375 0.209375 0.234375
4 0.11953125 0.39296875 0.2171875 0.2359375
4 0.38125 0.62578125 0.2296875 0.2375
4 0.884375 0.61796875 0.2171875 0.2328125
4 0.38359375 0.88515625 0.2140625 0.2296875