2 0.16640625 0.109375 0.2359375 0.21875
4 0.62109375 0.6390625 0.215625 0.240625
0 0.3984375 0.11796875 0.23125 0.2359375
5 0.65078125 0.13828125 0.2109375 0.225
3 0.89375 0.16328125 0.2125 0.2328125
2 0.13515625 0.35078125 0.2140625 0.228125
3 0.38203125 0.378125 0.225 0.2359375
3 0.6234375 0.39765625 0.228125 0.2421875
3 0.89453125 0.4203125 0.196875 0.2421875
2 0.11328125 0.60234375 0.209375 0.228125
4 0.35703125 0.61015625 0.228125 0.2421875
0 0.85625 0.65859375 0.2265625 0.2453125
3 0.10625 0.8546875 0.2125 0.240625
4 0.33671875 0.8796875 0.2390625 0.234375
4 0.6 0.88515625 0.2125 0.2296875
3 0.85078125 0.89375 0.2484375 0.2125