2 0.09296875 0.17734375 0.1859375 0.2484375
2 0.85703125 0.33203125 0.2015625 0.25625
2 0.1421875 0.67578125 0.20625 0.25
0 0.3328125 0.13671875 0.2203125 0.246875
0 0.56953125 0.11796875 0.2171875 0.2328125
0 0.61015625 0.35703125 0.2109375 0.2484375
0 0.6421875 0.60859375 0.196875 0.25625
0 0.171875 0.90234375 0.203125 0.1953125
0 0.6671875 0.86171875 0.228125 0.2640625
0 0.9078125 0.83515625 0.184375 0.2390625
3 0.82890625 0.10234375 0.2140625 0.2046875
2 0.36328125 0.3859375 0.2265625 0.2515625
4 0.11484375 0.42578125 0.2296875 0.2515625
4 0.3921875 0.6359375 0.246875 0.25625
4 0.8875 0.58359375 0.225 0.2484375
4 0.41796875 0.8859375 0.2328125 0.228125