2 0.0859375 0.25625 0.171875 0.2875
4 0.6671875 0.58046875 0.25625 0.2734375
0 0.25703125 0.1875 0.2703125 0.275
5 0.49765625 0.11875 0.2484375 0.2375
3 0.7421875 0.08359375 0.26875 0.1671875
2 0.11640625 0.50546875 0.2328125 0.2640625
3 0.3421875 0.434375 0.2640625 0.271875
3 0.5734375 0.35625 0.26875 0.278125
3 0.83203125 0.271875 0.240625 0.271875
2 0.1859375 0.746875 0.25 0.2625
4 0.4125 0.65625 0.26875 0.278125
0 0.87734375 0.50625 0.2453125 0.28125
3 0.26015625 0.92265625 0.2859375 0.1546875
4 0.49609375 0.88671875 0.2765625 0.2265625
4 0.746875 0.82421875 0.25625 0.2796875
3 0.91953125 0.74296875 0.1609375 0.2953125