2 0.128125 0.1296875 0.1734375 0.228125
2 0.875 0.3765625 0.1734375 0.2375
2 0.1234375 0.63125 0.1796875 0.2296875
0 0.378125 0.11875 0.19375 0.225
0 0.615625 0.1296875 0.1921875 0.2109375
0 0.6265625 0.371875 0.184375 0.228125
0 0.628125 0.625 0.1703125 0.2375
0 0.1234375 0.878125 0.1796875 0.2140625
0 0.621875 0.8796875 0.2015625 0.240625
0 0.871875 0.884375 0.175 0.21875
3 0.878125 0.121875 0.1875 0.2296875
2 0.378125 0.3703125 0.2015625 0.228125
4 0.1234375 0.3796875 0.209375 0.228125
4 0.3765625 0.621875 0.2203125 0.2296875
4 0.8796875 0.63125 0.209375 0.225
4 0.3703125 0.8828125 0.20625 0.225