2 0.08515625 0.2625 0.1703125 0.290625
4 0.6671875 0.578125 0.259375 0.2765625
0 0.2515625 0.1921875 0.271875 0.2765625
5 0.48984375 0.11953125 0.2515625 0.2390625
3 0.7328125 0.08203125 0.271875 0.1640625
2 0.11640625 0.5109375 0.2328125 0.265625
3 0.34296875 0.43671875 0.265625 0.2734375
3 0.57109375 0.35625 0.2703125 0.28125
3 0.828125 0.26640625 0.2421875 0.2734375
2 0.18828125 0.75078125 0.25 0.2625
4 0.4140625 0.65859375 0.2703125 0.28125
0 0.87734375 0.49921875 0.2453125 0.2828125
3 0.26875 0.92421875 0.2875 0.1515625
4 0.50390625 0.8875 0.2796875 0.225
4 0.75234375 0.81953125 0.2578125 0.28125
3 0.921875 0.73515625 0.15625 0.2953125