2 0.165625 0.109375 0.234375 0.21875
4 0.62265625 0.6390625 0.215625 0.240625
0 0.3984375 0.11796875 0.23125 0.2359375
5 0.65078125 0.13828125 0.2109375 0.225
3 0.89453125 0.16328125 0.2109375 0.2328125
2 0.13515625 0.35234375 0.2140625 0.2296875
3 0.38046875 0.378125 0.225 0.2359375
3 0.6234375 0.39609375 0.228125 0.2421875
3 0.89453125 0.4203125 0.196875 0.2421875
2 0.1140625 0.60390625 0.2109375 0.2296875
4 0.35859375 0.61015625 0.228125 0.2421875
0 0.85625 0.65859375 0.228125 0.2453125
3 0.10625 0.8546875 0.2125 0.240625
4 0.33515625 0.87734375 0.2375 0.2359375
4 0.6 0.88515625 0.2125 0.2296875
3 0.85078125 0.8921875 0.2484375 0.215625