2 0.1328125 0.1234375 0.215625 0.2328125
4 0.6328125 0.628125 0.196875 0.2234375
0 0.365625 0.128125 0.2125 0.2203125
5 0.61875 0.1265625 0.19375 0.2078125
3 0.8734375 0.1296875 0.2125 0.215625
2 0.1234375 0.3828125 0.196875 0.2125
3 0.371875 0.3890625 0.20625 0.21875
3 0.6140625 0.3875 0.2078125 0.225
3 0.8859375 0.3859375 0.1765625 0.228125
2 0.1234375 0.6359375 0.1921875 0.2125
4 0.3671875 0.621875 0.2078125 0.225
0 0.86875 0.6265625 0.2078125 0.228125
3 0.121875 0.8890625 0.228125 0.2203125
4 0.3703125 0.8921875 0.2203125 0.215625
4 0.634375 0.884375 0.19375 0.2296875
3 0.8859375 0.8828125 0.228125 0.234375