2 0.13125 0.125 0.215625 0.2328125
4 0.634375 0.628125 0.196875 0.2234375
0 0.365625 0.128125 0.2140625 0.2203125
5 0.61875 0.1265625 0.19375 0.209375
3 0.875 0.1296875 0.2140625 0.215625
2 0.1234375 0.384375 0.196875 0.2140625
3 0.3703125 0.3890625 0.20625 0.21875
3 0.6140625 0.3859375 0.209375 0.225
3 0.8859375 0.3859375 0.178125 0.228125
2 0.125 0.6375 0.1921875 0.2140625
4 0.36875 0.621875 0.209375 0.225
0 0.86875 0.6265625 0.209375 0.228125
3 0.121875 0.8890625 0.228125 0.2203125
4 0.36875 0.890625 0.2203125 0.2171875
4 0.634375 0.884375 0.19375 0.2296875
3 0.8859375 0.88125 0.228125 0.2359375