5 0.1046875 0.20078125 0.209375 0.2546875
2 0.321875 0.1453125 0.2359375 0.2359375
4 0.56875 0.1265625 0.2625 0.253125
3 0.82578125 0.10078125 0.2484375 0.2015625
0 0.12421875 0.43359375 0.2484375 0.2703125
3 0.353125 0.403125 0.24375 0.2609375
2 0.6 0.371875 0.2296875 0.26875
4 0.8453125 0.3109375 0.2296875 0.24375
0 0.1484375 0.68828125 0.2546875 0.2640625
5 0.38203125 0.64375 0.2328125 0.26875
4 0.64296875 0.60390625 0.2515625 0.259375
5 0.8890625 0.565625 0.221875 0.25625
0 0.18125 0.89609375 0.259375 0.2078125
0 0.4125 0.8765625 0.225 0.246875
5 0.67890625 0.8515625 0.2421875 0.278125
0 0.8984375 0.81875 0.203125 0.26875