5 0.125 0.1375 0.2421875 0.21875
2 0.3796875 0.121875 0.20625 0.2046875
4 0.628125 0.134375 0.228125 0.2375
3 0.890625 0.1234375 0.2140625 0.240625
0 0.128125 0.375 0.2359375 0.2359375
3 0.3703125 0.38125 0.2109375 0.2296875
2 0.61875 0.3890625 0.19375 0.240625
4 0.8703125 0.3671875 0.1984375 0.215625
0 0.1234375 0.63125 0.2203125 0.2328125
5 0.3609375 0.6234375 0.196875 0.240625
4 0.625 0.625 0.21875 0.228125
5 0.878125 0.6265625 0.196875 0.2296875
0 0.11875 0.871875 0.225 0.2359375
0 0.353125 0.8734375 0.1890625 0.2515625
5 0.621875 0.875 0.2046875 0.2484375
0 0.871875 0.88125 0.225 0.2359375