0 0.1265625 0.128125 0.225 0.2453125
0 0.3703125 0.13125 0.20625 0.225
3 0.615625 0.1375 0.1828125 0.2140625
2 0.8796875 0.1234375 0.1796875 0.21875
2 0.121875 0.3796875 0.209375 0.240625
3 0.3765625 0.38125 0.20625 0.2234375
5 0.61875 0.3796875 0.228125 0.228125
4 0.8765625 0.3828125 0.1796875 0.2203125
3 0.1234375 0.6296875 0.21875 0.225
3 0.365625 0.625 0.20625 0.2421875
3 0.621875 0.6265625 0.2359375 0.246875
0 0.871875 0.6234375 0.2015625 0.246875
4 0.121875 0.875 0.2328125 0.2359375
3 0.371875 0.8796875 0.21875 0.240625
3 0.609375 0.878125 0.1984375 0.24375
0 0.8765625 0.8796875 0.1984375 0.240625