0 0.08984375 0.2453125 0.1796875 0.296875
0 0.2734375 0.18125 0.2609375 0.2734375
3 0.5109375 0.1234375 0.234375 0.246875
2 0.76015625 0.08125 0.2328125 0.1625
2 0.11796875 0.48828125 0.2359375 0.2890625
3 0.3484375 0.41953125 0.259375 0.271875
5 0.58125 0.3515625 0.2828125 0.2828125
4 0.8296875 0.28359375 0.2328125 0.2625
3 0.1734375 0.728125 0.271875 0.2765625
3 0.40546875 0.65703125 0.265625 0.290625
3 0.65234375 0.58828125 0.2953125 0.303125
0 0.88046875 0.51640625 0.2390625 0.2921875
4 0.23984375 0.909375 0.2890625 0.18125
3 0.48046875 0.8765625 0.2765625 0.246875
3 0.709375 0.83359375 0.259375 0.2890625
0 0.91875 0.76015625 0.1625 0.2859375