0 0.18828125 0.10625 0.2609375 0.2125
0 0.42890625 0.12109375 0.2390625 0.2421875
3 0.67109375 0.16015625 0.2125 0.2390625
2 0.9140625 0.1875 0.171875 0.24375
2 0.1453125 0.321875 0.24375 0.2703125
3 0.396875 0.36328125 0.2390625 0.253125
5 0.6359375 0.4 0.2609375 0.2609375
4 0.890625 0.44296875 0.2109375 0.246875
3 0.11640625 0.56875 0.2328125 0.25625
3 0.34765625 0.60234375 0.2421875 0.271875
3 0.60078125 0.64375 0.271875 0.28125
0 0.84765625 0.68046875 0.2375 0.275
4 0.1 0.81015625 0.2 0.2703125
3 0.3140625 0.8546875 0.253125 0.271875
3 0.5484375 0.87734375 0.234375 0.2453125
0 0.81171875 0.89921875 0.2328125 0.2015625