4 0.215625 0.0953125 0.25625 0.190625
2 0.465625 0.1203125 0.215625 0.240625
2 0.71328125 0.159375 0.2421875 0.275
0 0.92734375 0.225 0.1453125 0.259375
2 0.16640625 0.29921875 0.2703125 0.290625
2 0.4140625 0.35859375 0.2203125 0.28125
2 0.65625 0.4140625 0.246875 0.2828125
5 0.878125 0.46484375 0.24375 0.2828125
2 0.11484375 0.540625 0.2296875 0.290625
5 0.3484375 0.59453125 0.2265625 0.271875
4 0.5984375 0.65625 0.2671875 0.29375
2 0.83515625 0.70859375 0.271875 0.29375
2 0.08046875 0.79140625 0.1609375 0.2609375
4 0.29765625 0.84296875 0.2953125 0.290625
4 0.52890625 0.8828125 0.2359375 0.234375
3 0.78203125 0.90625 0.2921875 0.1875