4 0.121875 0.1234375 0.2046875 0.246875
2 0.378125 0.1234375 0.165625 0.240625
2 0.63125 0.1203125 0.1921875 0.2375
0 0.8859375 0.1296875 0.1625 0.2296875
2 0.1296875 0.3796875 0.2203125 0.246875
2 0.384375 0.38125 0.1671875 0.25
2 0.6328125 0.38125 0.196875 0.2453125
5 0.86875 0.3796875 0.2109375 0.2421875
2 0.1203125 0.6296875 0.20625 0.25
5 0.3734375 0.6265625 0.178125 0.2375
4 0.63125 0.6296875 0.215625 0.2515625
2 0.8734375 0.628125 0.2203125 0.2515625
2 0.128125 0.8859375 0.175 0.228125
4 0.3796875 0.8796875 0.246875 0.240625
4 0.61796875 0.88359375 0.1890625 0.2328125
3 0.87734375 0.88046875 0.2453125 0.2359375