5 0.25078125 0.084375 0.2390625 0.16875
5 0.27109375 0.82734375 0.25625 0.2765625
5 0.50703125 0.8859375 0.2328125 0.228125
5 0.7421875 0.921875 0.225 0.15625
2 0.4921875 0.12421875 0.25625 0.2484375
2 0.73046875 0.18515625 0.253125 0.2640625
2 0.88671875 0.4875 0.2265625 0.275
0 0.91875 0.25390625 0.1625 0.2734375
0 0.415625 0.353125 0.2375 0.2546875
0 0.34921875 0.5875 0.2515625 0.271875
0 0.5890625 0.6578125 0.2703125 0.28125
3 0.1796875 0.27109375 0.2421875 0.26875
3 0.659375 0.42109375 0.2359375 0.2671875
3 0.07109375 0.7421875 0.1421875 0.2625
4 0.11640625 0.5046875 0.2328125 0.284375
4 0.82421875 0.7328125 0.2484375 0.2625