5 0.125 0.1265625 0.1796875 0.2296875
5 0.3765625 0.8796875 0.1984375 0.2296875
5 0.625 0.88125 0.178125 0.2140625
5 0.871875 0.8859375 0.165625 0.228125
2 0.3796875 0.1296875 0.1984375 0.228125
2 0.628125 0.13125 0.1984375 0.215625
2 0.8796875 0.371875 0.196875 0.228125
0 0.875 0.128125 0.2015625 0.2234375
0 0.3765625 0.384375 0.184375 0.209375
0 0.38125 0.628125 0.19375 0.225
0 0.63125 0.625 0.2140625 0.228125
3 0.1265625 0.375 0.184375 0.2234375
3 0.6296875 0.378125 0.178125 0.2234375
3 0.115625 0.871875 0.1828125 0.2203125
4 0.1234375 0.6203125 0.196875 0.2375
4 0.878125 0.628125 0.19375 0.215625