4 0.0921875 0.19375 0.184375 0.278125
2 0.31484375 0.15 0.2046875 0.265625
2 0.5625 0.11796875 0.23125 0.2359375
0 0.815625 0.096875 0.2 0.19375
2 0.121875 0.4453125 0.24375 0.28125
2 0.365625 0.403125 0.209375 0.275
2 0.61015625 0.36015625 0.2359375 0.275
5 0.8421875 0.3171875 0.25 0.275
2 0.1484375 0.69375 0.246875 0.28125
5 0.39765625 0.646875 0.2171875 0.2640625
4 0.6515625 0.6046875 0.25625 0.2859375
2 0.8796875 0.56171875 0.240625 0.2859375
2 0.2 0.90859375 0.2125 0.1828125
4 0.446875 0.87734375 0.284375 0.2453125
4 0.6828125 0.85703125 0.2265625 0.2625
3 0.89765625 0.809375 0.2046875 0.275