5 0.20234375 0.0953125 0.2203125 0.190625
5 0.30625 0.84921875 0.2375 0.2625
5 0.55 0.88828125 0.215625 0.2234375
5 0.790625 0.9109375 0.20625 0.178125
2 0.4515625 0.121875 0.2375 0.24375
2 0.69609375 0.1625 0.2359375 0.25
2 0.8890625 0.44609375 0.221875 0.2609375
0 0.909375 0.20546875 0.18125 0.2578125
0 0.40078125 0.36328125 0.2203125 0.240625
0 0.35859375 0.603125 0.2328125 0.2578125
0 0.6046875 0.64765625 0.253125 0.2640625
3 0.15703125 0.30625 0.2234375 0.2546875
3 0.65078125 0.40546875 0.2171875 0.2546875
3 0.08046875 0.790625 0.1609375 0.25
4 0.11328125 0.54609375 0.2265625 0.2703125
4 0.846875 0.69765625 0.23125 0.2484375