5 0.1265625 0.11875 0.178125 0.2265625
5 0.3875 0.12265625 0.209375 0.21875
5 0.12734375 0.3703125 0.1859375 0.228125
5 0.87421875 0.6359375 0.196875 0.221875
5 0.125 0.86875 0.1796875 0.234375
0 0.63125 0.13671875 0.21875 0.228125
0 0.36171875 0.88203125 0.184375 0.2265625
3 0.878125 0.140625 0.1859375 0.228125
3 0.38046875 0.37421875 0.2234375 0.240625
3 0.61328125 0.38515625 0.209375 0.225
3 0.37265625 0.63203125 0.196875 0.215625
3 0.86640625 0.884375 0.2015625 0.23125
3 0.62890625 0.62578125 0.178125 0.2234375
2 0.87734375 0.3875 0.190625 0.2171875
2 0.12578125 0.625 0.184375 0.228125
4 0.61875 0.87890625 0.203125 0.240625