3 0.128125 0.1234375 0.2046875 0.2296875
4 0.375 0.128125 0.2140625 0.2328125
3 0.63125 0.121875 0.2046875 0.2359375
4 0.8875 0.125 0.2046875 0.2375
4 0.1203125 0.378125 0.215625 0.240625
5 0.3796875 0.384375 0.215625 0.2421875
4 0.6375 0.384375 0.2015625 0.2453125
4 0.8796875 0.384375 0.209375 0.2296875
4 0.125 0.6359375 0.196875 0.209375
5 0.3609375 0.640625 0.19375 0.2140625
5 0.6203125 0.6296875 0.215625 0.21875
3 0.878125 0.625 0.2359375 0.2140625
5 0.371875 0.8859375 0.2140625 0.228125
3 0.628125 0.8890625 0.2015625 0.2203125
2 0.88359375 0.88359375 0.2328125 0.2296875