3 0.24609375 0.08671875 0.2609375 0.1734375
4 0.48125 0.12421875 0.26875 0.2484375
3 0.73046875 0.17265625 0.2625 0.284375
4 0.921875 0.2453125 0.15625 0.284375
4 0.16875 0.278125 0.2734375 0.290625
5 0.41640625 0.35546875 0.275 0.29375
4 0.6640625 0.4265625 0.2609375 0.290625
4 0.88203125 0.49296875 0.2359375 0.2796875
4 0.1125 0.5265625 0.225 0.25625
5 0.32734375 0.596875 0.2453125 0.2578125
5 0.5796875 0.6578125 0.2671875 0.2703125
3 0.82890625 0.72421875 0.2859375 0.2703125
5 0.2703125 0.8359375 0.2671875 0.278125
3 0.51484375 0.8875 0.2546875 0.225
2 0.7625 0.915625 0.2875 0.16875