3 0.1046875 0.15703125 0.209375 0.2453125
4 0.34296875 0.140625 0.2328125 0.25
3 0.596875 0.11875 0.225 0.2375
4 0.853125 0.11015625 0.225 0.2203125
4 0.1140625 0.41171875 0.228125 0.2578125
5 0.3703125 0.3953125 0.2359375 0.2609375
4 0.6265625 0.37265625 0.221875 0.2609375
4 0.86796875 0.3515625 0.228125 0.2484375
4 0.13828125 0.66796875 0.2140625 0.225
5 0.3734375 0.65234375 0.2109375 0.2296875
5 0.63125 0.61875 0.234375 0.2359375
3 0.8796875 0.59140625 0.240625 0.2328125
5 0.40546875 0.8859375 0.2328125 0.228125
3 0.66171875 0.8765625 0.21875 0.2375
2 0.89453125 0.84765625 0.2109375 0.2484375