5 0.1203125 0.125 0.175 0.225
5 0.38125 0.125 0.20625 0.215625
5 0.125 0.3765625 0.18125 0.225
5 0.8765625 0.6296875 0.19375 0.21875
5 0.13125 0.875 0.175 0.23125
0 0.625 0.134375 0.215625 0.225
0 0.36875 0.884375 0.18125 0.225
3 0.871875 0.134375 0.18125 0.225
3 0.378125 0.3765625 0.21875 0.2375
3 0.6109375 0.3828125 0.20625 0.221875
3 0.375 0.634375 0.19375 0.2125
3 0.8734375 0.8796875 0.196875 0.228125
3 0.63125 0.6234375 0.175 0.221875
2 0.875 0.38125 0.1875 0.2125
2 0.128125 0.63125 0.18125 0.225
4 0.625 0.8765625 0.2 0.2375