4 0.1 0.1875 0.2 0.26875
3 0.328125 0.1546875 0.23125 0.25625
4 0.5703125 0.128125 0.246875 0.25625
5 0.8109375 0.10546875 0.215625 0.2109375
0 0.125 0.43984375 0.25 0.2640625
4 0.3640625 0.39765625 0.225 0.234375
5 0.61953125 0.36171875 0.240625 0.2484375
2 0.85234375 0.33671875 0.225 0.2265625
5 0.1453125 0.68203125 0.2375 0.240625
2 0.3875 0.6421875 0.228125 0.25
5 0.6484375 0.61484375 0.240625 0.2390625
4 0.884375 0.57421875 0.23125 0.2515625
2 0.178125 0.89765625 0.225 0.2046875
4 0.43203125 0.88515625 0.2234375 0.2296875
3 0.684375 0.8671875 0.225 0.246875
3 0.915625 0.83046875 0.16875 0.2453125