4 0.0921875 0.2171875 0.184375 0.28125
3 0.3046875 0.16796875 0.24375 0.2671875
4 0.54453125 0.12890625 0.2609375 0.2578125
5 0.78125 0.09765625 0.228125 0.1953125
0 0.1265625 0.4671875 0.253125 0.278125
4 0.35703125 0.40703125 0.2375 0.2453125
5 0.609375 0.35390625 0.253125 0.2609375
2 0.840625 0.3125 0.2359375 0.2375
5 0.15859375 0.70703125 0.2484375 0.2515625
2 0.39765625 0.64921875 0.2421875 0.2609375
5 0.65625 0.60390625 0.253125 0.2515625
4 0.8828125 0.546875 0.234375 0.2625
2 0.20859375 0.90625 0.2390625 0.1875
4 0.4609375 0.884375 0.2375 0.23125
3 0.709375 0.853125 0.2390625 0.2578125
3 0.92421875 0.79921875 0.1515625 0.2546875