4 0.121875 0.13125 0.2203125 0.240625
3 0.378125 0.134375 0.2015625 0.2296875
4 0.6234375 0.134375 0.215625 0.2421875
5 0.865625 0.13125 0.184375 0.2328125
0 0.125 0.3875 0.2453125 0.2328125
4 0.3796875 0.3796875 0.1984375 0.209375
5 0.6375 0.3796875 0.2109375 0.2203125
2 0.871875 0.3875 0.1984375 0.2015625
5 0.1234375 0.63125 0.209375 0.2140625
2 0.36875 0.625 0.1984375 0.225
5 0.63125 0.634375 0.2140625 0.2109375
4 0.871875 0.628125 0.2046875 0.225
2 0.121875 0.8796875 0.1921875 0.240625
4 0.378125 0.884375 0.19375 0.2296875
3 0.63125 0.8890625 0.196875 0.2203125
3 0.8890625 0.8890625 0.184375 0.2203125