4 0.09609375 0.234375 0.1921875 0.278125
0 0.296875 0.16875 0.228125 0.2515625
5 0.54296875 0.13046875 0.2359375 0.2515625
2 0.775 0.09609375 0.23125 0.1921875
2 0.11875 0.4875 0.2375 0.24375
2 0.35078125 0.421875 0.2734375 0.259375
4 0.6015625 0.3578125 0.2328125 0.2609375
0 0.84140625 0.30546875 0.2546875 0.265625
0 0.1578125 0.70546875 0.2703125 0.25625
0 0.39609375 0.65390625 0.2640625 0.259375
3 0.65390625 0.60390625 0.2375 0.253125
3 0.88828125 0.546875 0.2234375 0.25625
3 0.2296875 0.90859375 0.26875 0.1828125
4 0.45 0.88125 0.25 0.2375
3 0.7109375 0.8453125 0.2515625 0.2703125
3 0.90859375 0.7890625 0.1828125 0.275