0 0.18046875 0.10625 0.1953125 0.2125
0 0.425 0.1140625 0.196875 0.228125
0 0.909375 0.18046875 0.18125 0.2359375
0 0.615625 0.64375 0.2390625 0.2515625
4 0.6625 0.15078125 0.1890625 0.2328125
4 0.15546875 0.3234375 0.2203125 0.2640625
4 0.85703125 0.6765625 0.2359375 0.2625
4 0.3234375 0.86015625 0.221875 0.240625
5 0.39453125 0.3640625 0.2125 0.2421875
5 0.6453125 0.39921875 0.2203125 0.253125
5 0.08984375 0.821875 0.1796875 0.246875
5 0.8109375 0.9046875 0.228125 0.190625
3 0.8890625 0.43671875 0.2125 0.2421875
3 0.10859375 0.56796875 0.2046875 0.259375
3 0.3578125 0.6015625 0.2265625 0.271875
2 0.56171875 0.878125 0.2265625 0.24375