4 0.2375 0.09765625 0.2875 0.1953125
0 0.48203125 0.1203125 0.2359375 0.240625
5 0.71640625 0.19765625 0.24375 0.2578125
2 0.915625 0.2515625 0.16875 0.2625
2 0.165625 0.3 0.2625 0.253125
2 0.40703125 0.359375 0.28125 0.26875
4 0.6578125 0.425 0.2421875 0.2671875
0 0.88046875 0.49453125 0.2390625 0.2734375
0 0.11953125 0.5140625 0.2390625 0.265625
0 0.334375 0.584375 0.271875 0.26875
3 0.584375 0.665625 0.2453125 0.2609375
3 0.83125 0.73828125 0.2640625 0.2640625
3 0.09296875 0.75859375 0.1859375 0.2640625
4 0.2625 0.82734375 0.259375 0.2859375
3 0.51640625 0.8828125 0.2609375 0.234375
3 0.74453125 0.91328125 0.2546875 0.1734375