4 0.125 0.140625 0.2328125 0.2328125
0 0.3765625 0.13125 0.184375 0.215625
5 0.625 0.15 0.1921875 0.2140625
2 0.865625 0.1375 0.1875 0.21875
2 0.1234375 0.4 0.215625 0.2015625
2 0.371875 0.390625 0.2328125 0.2140625
4 0.63125 0.384375 0.1875 0.225
0 0.8765625 0.3875 0.209375 0.225
0 0.1203125 0.6234375 0.228125 0.2109375
0 0.3640625 0.6265625 0.2203125 0.215625
3 0.6265625 0.6359375 0.19375 0.215625
3 0.884375 0.6375 0.2140625 0.2140625
3 0.1375 0.8734375 0.228125 0.209375
4 0.36171875 0.88046875 0.2015625 0.2390625
3 0.628125 0.884375 0.2046875 0.2296875
3 0.8640625 0.88125 0.196875 0.2359375