0 0.08828125 0.2125 0.1765625 0.225
0 0.31484375 0.15 0.2015625 0.2375
0 0.80859375 0.09453125 0.2046875 0.1890625
0 0.65234375 0.60390625 0.2421875 0.2546875
4 0.553125 0.11796875 0.1921875 0.234375
4 0.11875 0.43203125 0.2234375 0.2671875
4 0.8859375 0.5640625 0.228125 0.265625
4 0.4359375 0.88671875 0.225 0.2265625
5 0.359375 0.40078125 0.215625 0.2453125
5 0.609375 0.3609375 0.2234375 0.25625
5 0.18984375 0.90390625 0.2078125 0.1921875
5 0.9046875 0.825 0.190625 0.253125
3 0.85390625 0.325 0.215625 0.2453125
3 0.1453125 0.6796875 0.209375 0.2609375
3 0.39375 0.63828125 0.2296875 0.2734375
2 0.6734375 0.85546875 0.2296875 0.2703125