0 0.128125 0.15 0.1703125 0.2015625
0 0.371875 0.125 0.1703125 0.2140625
0 0.871875 0.125 0.1734375 0.2140625
0 0.634375 0.6265625 0.209375 0.225
4 0.6125 0.13125 0.1609375 0.2109375
4 0.134375 0.3734375 0.1890625 0.240625
4 0.878125 0.625 0.2046875 0.2359375
4 0.375 0.88125 0.19375 0.215625
5 0.3765625 0.3796875 0.184375 0.21875
5 0.6296875 0.3796875 0.1890625 0.2296875
5 0.1265625 0.878125 0.175 0.2234375
5 0.86875 0.8875 0.1984375 0.2234375
3 0.8765625 0.3828125 0.184375 0.21875
3 0.121875 0.621875 0.1734375 0.2359375
3 0.3734375 0.6203125 0.19375 0.246875
2 0.615625 0.878125 0.19375 0.24375