5 0.13125 0.128125 0.215625 0.2328125
2 0.3734375 0.1296875 0.1875 0.228125
0 0.6203125 0.134375 0.225 0.2109375
2 0.875 0.1359375 0.1890625 0.21875
0 0.121875 0.3890625 0.2015625 0.2109375
3 0.3734375 0.378125 0.20625 0.2546875
0 0.6171875 0.384375 0.19375 0.1796875
0 0.8640625 0.3859375 0.178125 0.2375
4 0.1265625 0.6421875 0.19375 0.21875
3 0.365625 0.634375 0.2046875 0.2203125
4 0.621875 0.634375 0.2015625 0.2203125
2 0.878125 0.6328125 0.209375 0.228125
4 0.13046875 0.89296875 0.2140625 0.2140625
4 0.371875 0.89375 0.2140625 0.2125
3 0.621875 0.884375 0.225 0.2296875
2 0.88125 0.88125 0.2296875 0.2359375