3 0.128125 0.134375 0.2015625 0.2328125
3 0.6203125 0.1296875 0.215625 0.228125
3 0.128125 0.371875 0.1828125 0.2328125
3 0.375 0.8734375 0.1828125 0.2296875
5 0.3703125 0.128125 0.2296875 0.240625
5 0.875 0.38125 0.196875 0.228125
5 0.6234375 0.6296875 0.1984375 0.21875
2 0.8796875 0.1265625 0.20625 0.240625
2 0.38125 0.371875 0.2203125 0.2359375
2 0.6234375 0.871875 0.1796875 0.2296875
2 0.621875 0.375 0.1796875 0.228125
4 0.1234375 0.6203125 0.1890625 0.2375
4 0.38125 0.625 0.2140625 0.2328125
4 0.8734375 0.6296875 0.215625 0.2203125
2 0.115625 0.875 0.175 0.2484375
0 0.875 0.87734375 0.165625 0.2453125