3 0.21171875 0.09921875 0.2453125 0.1984375
3 0.69453125 0.1625 0.2578125 0.26875
3 0.1625 0.29765625 0.2265625 0.2640625
3 0.3 0.8390625 0.225 0.2625
5 0.45078125 0.125 0.2734375 0.25
5 0.88515625 0.46171875 0.2296875 0.2640625
5 0.59375 0.65234375 0.2390625 0.2546875
2 0.91171875 0.2125 0.1765625 0.278125
2 0.41015625 0.35 0.2640625 0.2765625
2 0.54296875 0.87890625 0.2234375 0.2421875
2 0.6453125 0.403125 0.2234375 0.2609375
4 0.11171875 0.5390625 0.2234375 0.271875
4 0.3578125 0.59765625 0.25625 0.271875
4 0.83828125 0.7046875 0.25625 0.2609375
2 0.07890625 0.78671875 0.1578125 0.2796875
0 0.7875 0.9046875 0.2125 0.190625