3 0.121875 0.140625 0.2046875 0.2359375
3 0.6140625 0.12734375 0.2203125 0.23125
3 0.12578125 0.378125 0.1859375 0.2359375
3 0.38125 0.87578125 0.1859375 0.2328125
5 0.3640625 0.13046875 0.2328125 0.2453125
5 0.87265625 0.375 0.2015625 0.23125
5 0.62578125 0.62734375 0.2015625 0.221875
2 0.87265625 0.12109375 0.2109375 0.2421875
2 0.37890625 0.37421875 0.2234375 0.240625
2 0.6296875 0.86953125 0.1828125 0.2328125
2 0.61953125 0.37265625 0.184375 0.23125
4 0.12578125 0.6265625 0.19375 0.240625
4 0.38359375 0.62734375 0.2171875 0.2359375
4 0.87578125 0.6234375 0.21875 0.225
2 0.12109375 0.878125 0.1796875 0.24375
0 0.88125 0.87109375 0.1703125 0.2484375