5 0.23125 0.09375 0.265625 0.1875
2 0.465625 0.121875 0.2375 0.24375
0 0.70546875 0.17421875 0.2703125 0.259375
2 0.91640625 0.23671875 0.1671875 0.2578125
0 0.16015625 0.30078125 0.2453125 0.253125
3 0.40703125 0.35078125 0.2625 0.2984375
0 0.64140625 0.41640625 0.23125 0.221875
0 0.88046875 0.47734375 0.2296875 0.2734375
4 0.11171875 0.546875 0.2234375 0.259375
3 0.33671875 0.59765625 0.253125 0.2625
4 0.5859375 0.66015625 0.2484375 0.2609375
2 0.834375 0.7203125 0.2578125 0.271875
4 0.0875 0.7921875 0.175 0.259375
4 0.28046875 0.85078125 0.2578125 0.2578125
3 0.52421875 0.88125 0.2734375 0.2375
2 0.7765625 0.909375 0.28125 0.18125