3 0.1265625 0.13125 0.1796875 0.2359375
3 0.375 0.128125 0.209375 0.2328125
3 0.621875 0.3796875 0.1796875 0.2296875
3 0.375 0.6296875 0.20625 0.2421875
0 0.61875 0.1296875 0.1828125 0.2375
0 0.13125 0.378125 0.19375 0.2328125
0 0.6296875 0.628125 0.178125 0.215625
0 0.625 0.878125 0.2140625 0.240625
0 0.11875 0.878125 0.1859375 0.24375
4 0.8734375 0.125 0.1875 0.2328125
4 0.1203125 0.6234375 0.20625 0.240625
4 0.8796875 0.63125 0.1984375 0.2140625
5 0.375 0.375 0.1921875 0.2328125
5 0.371875 0.88125 0.2046875 0.2296875
5 0.871875 0.878125 0.1875 0.24375
2 0.8640625 0.3828125 0.215625 0.2203125