3 0.08359375 0.22421875 0.1671875 0.2703125
3 0.29453125 0.165625 0.25625 0.2734375
3 0.59140625 0.35546875 0.2265625 0.2640625
3 0.40703125 0.6546875 0.2546875 0.28125
0 0.53125 0.12421875 0.23125 0.2484375
0 0.11640625 0.46328125 0.2328125 0.2703125
0 0.65546875 0.5953125 0.221875 0.25
0 0.70703125 0.840625 0.2625 0.2828125
0 0.2125 0.90703125 0.2375 0.1859375
4 0.7796875 0.0921875 0.234375 0.184375
4 0.1578125 0.70546875 0.2546875 0.28125
4 0.8890625 0.54140625 0.221875 0.2515625
5 0.35 0.40625 0.240625 0.26875
5 0.46015625 0.88203125 0.2515625 0.2359375
5 0.9140625 0.78515625 0.171875 0.2796875
2 0.828125 0.30390625 0.259375 0.2640625