2 0.1703125 0.0984375 0.2125 0.196875
4 0.42265625 0.1203125 0.2546875 0.240625
3 0.678125 0.15234375 0.2453125 0.234375
3 0.90234375 0.1859375 0.1953125 0.24375
2 0.1515625 0.33125 0.25 0.265625
4 0.3890625 0.37109375 0.221875 0.2375
3 0.63671875 0.40234375 0.2328125 0.265625
3 0.88125 0.44921875 0.2359375 0.25
2 0.1046875 0.57109375 0.20625 0.2328125
3 0.35078125 0.61015625 0.2375 0.2359375
2 0.5984375 0.65390625 0.215625 0.234375
4 0.83828125 0.68671875 0.234375 0.240625
3 0.0890625 0.81953125 0.178125 0.2484375
0 0.3109375 0.86640625 0.2171875 0.2453125
0 0.559375 0.88125 0.21875 0.2375
3 0.8140625 0.9015625 0.23125 0.196875