2 0.115625 0.128125 0.184375 0.215625
4 0.3703125 0.128125 0.225 0.2234375
3 0.628125 0.13125 0.21875 0.2046875
3 0.8671875 0.13125 0.1890625 0.2203125
2 0.13125 0.38125 0.2203125 0.2359375
4 0.371875 0.3875 0.19375 0.2140625
3 0.621875 0.384375 0.2015625 0.240625
3 0.8703125 0.396875 0.20625 0.2234375
2 0.11875 0.625 0.178125 0.209375
3 0.3671875 0.6296875 0.2109375 0.209375
2 0.61875 0.6390625 0.1890625 0.2109375
4 0.8609375 0.6375 0.20625 0.2140625
3 0.1203125 0.8765625 0.184375 0.225
0 0.3640625 0.8890625 0.1875 0.2203125
0 0.6140625 0.88125 0.1875 0.2359375
3 0.871875 0.884375 0.2015625 0.2296875