3 0.075 0.27265625 0.15 0.2828125
3 0.2609375 0.1890625 0.2734375 0.2875
3 0.57578125 0.346875 0.2453125 0.275
3 0.42421875 0.66328125 0.2734375 0.2953125
0 0.490625 0.1265625 0.25 0.253125
0 0.1203125 0.50390625 0.240625 0.2828125
0 0.6640625 0.57890625 0.2390625 0.2625
0 0.74140625 0.8171875 0.2796875 0.296875
0 0.2625 0.91796875 0.25625 0.1640625
4 0.73125 0.08203125 0.253125 0.1640625
4 0.18125 0.740625 0.2734375 0.2953125
4 0.88671875 0.5 0.2265625 0.265625
5 0.34140625 0.42265625 0.2578125 0.2828125
5 0.503125 0.8796875 0.26875 0.240625
5 0.9234375 0.73671875 0.153125 0.2921875
2 0.80625 0.2703125 0.2765625 0.2796875