2 0.08515625 0.19296875 0.1703125 0.2421875
4 0.3140625 0.153125 0.2578125 0.25625
3 0.56796875 0.1171875 0.2484375 0.234375
3 0.8046875 0.10078125 0.221875 0.2015625
2 0.121875 0.440625 0.24375 0.26875
4 0.35546875 0.40859375 0.225 0.240625
3 0.60234375 0.36640625 0.2359375 0.26875
3 0.85 0.33984375 0.2390625 0.253125
2 0.14296875 0.6828125 0.209375 0.234375
3 0.3890625 0.64921875 0.240625 0.2390625
2 0.6390625 0.61875 0.21875 0.2375
4 0.878125 0.5796875 0.2375 0.2421875
3 0.18359375 0.90234375 0.2171875 0.1953125
0 0.42578125 0.890625 0.2203125 0.21875
0 0.67265625 0.85859375 0.221875 0.2625
3 0.9046875 0.8203125 0.190625 0.259375