2 0.09765625 0.19921875 0.1953125 0.2609375
0 0.3125 0.14921875 0.2421875 0.25625
5 0.55078125 0.12421875 0.2703125 0.2484375
4 0.79765625 0.10078125 0.2859375 0.2015625
3 0.109375 0.44453125 0.21875 0.2484375
2 0.35546875 0.4015625 0.2484375 0.265625
0 0.58125 0.35859375 0.2578125 0.2453125
4 0.8515625 0.3078125 0.2234375 0.2546875
4 0.15859375 0.696875 0.2125 0.2546875
4 0.39296875 0.64765625 0.221875 0.2359375
0 0.65234375 0.615625 0.2203125 0.2390625
2 0.88671875 0.55546875 0.2265625 0.2796875
0 0.2046875 0.909375 0.24375 0.18125
0 0.4421875 0.89609375 0.25 0.2078125
0 0.7 0.8703125 0.2203125 0.23125
5 0.909375 0.8140625 0.18125 0.259375