2 0.1625 0.10703125 0.25 0.2140625
0 0.415625 0.11640625 0.228125 0.2328125
5 0.653125 0.1515625 0.2578125 0.2375
4 0.8828125 0.17421875 0.234375 0.2390625
3 0.13828125 0.3390625 0.209375 0.2375
2 0.38828125 0.365625 0.234375 0.253125
0 0.6171875 0.38671875 0.2453125 0.23125
4 0.890625 0.4125 0.209375 0.24375
4 0.11796875 0.5953125 0.1984375 0.2453125
4 0.35625 0.6125 0.209375 0.225
0 0.6140625 0.653125 0.2078125 0.228125
2 0.86796875 0.6625 0.234375 0.2671875
0 0.1046875 0.84453125 0.209375 0.2359375
0 0.33125 0.878125 0.2390625 0.221875
0 0.58984375 0.9 0.2078125 0.2
5 0.84140625 0.9015625 0.2421875 0.196875