2 0.121875 0.128125 0.228125 0.2234375
0 0.3765625 0.121875 0.20625 0.2234375
5 0.615625 0.1375 0.2375 0.2140625
4 0.8671875 0.134375 0.2515625 0.2140625
3 0.1234375 0.378125 0.1875 0.2203125
2 0.375 0.378125 0.2109375 0.2328125
0 0.6046875 0.375 0.225 0.209375
4 0.8796875 0.371875 0.1875 0.225
4 0.1296875 0.634375 0.175 0.228125
4 0.36875 0.6265625 0.1890625 0.20625
0 0.6296875 0.640625 0.1875 0.209375
2 0.8828125 0.6234375 0.2109375 0.246875
0 0.1328125 0.8859375 0.209375 0.215625
0 0.371875 0.89375 0.21875 0.2015625
0 0.6328125 0.89921875 0.1875 0.2015625
5 0.884375 0.8875 0.2203125 0.2234375