4 0.121875 0.140625 0.234375 0.228125
4 0.625 0.12890625 0.2234375 0.240625
4 0.8671875 0.1203125 0.2140625 0.228125
4 0.12109375 0.6390625 0.184375 0.21875
4 0.37578125 0.63359375 0.2 0.209375
4 0.62734375 0.88515625 0.1875 0.228125
3 0.371875 0.13359375 0.203125 0.221875
3 0.11953125 0.378125 0.178125 0.23125
3 0.37890625 0.37734375 0.1703125 0.234375
3 0.3703125 0.890625 0.221875 0.21875
5 0.61484375 0.37890625 0.1625 0.2125
5 0.62421875 0.63203125 0.2234375 0.228125
0 0.87265625 0.36875 0.2109375 0.240625
0 0.87578125 0.621875 0.209375 0.228125
0 0.875 0.871875 0.1984375 0.246875
0 0.134375 0.88046875 0.178125 0.2390625