4 0.1046875 0.18984375 0.209375 0.2546875
4 0.578125 0.12421875 0.25 0.2484375
4 0.81796875 0.1015625 0.2390625 0.203125
4 0.140625 0.684375 0.209375 0.2390625
4 0.39296875 0.64765625 0.2234375 0.23125
4 0.6734375 0.8671875 0.2140625 0.2484375
3 0.328125 0.1515625 0.228125 0.24375
3 0.1078125 0.42578125 0.2046875 0.25
3 0.36484375 0.39296875 0.196875 0.253125
3 0.41875 0.890625 0.246875 0.21875
5 0.59921875 0.36640625 0.1859375 0.2296875
5 0.6390625 0.61640625 0.2484375 0.253125
0 0.85390625 0.32421875 0.2375 0.2625
0 0.884375 0.57421875 0.23125 0.2515625
0 0.90234375 0.8234375 0.1953125 0.26875
0 0.184375 0.896875 0.20625 0.20625