4 0.1828125 0.10546875 0.259375 0.2109375
4 0.68125 0.1515625 0.25 0.2625
4 0.9 0.18203125 0.2 0.2515625
4 0.103125 0.57734375 0.20625 0.2390625
4 0.35625 0.6109375 0.2234375 0.228125
4 0.56484375 0.88828125 0.2140625 0.2234375
3 0.4296875 0.11953125 0.228125 0.2390625
3 0.14375 0.3203125 0.2015625 0.25
3 0.4 0.359375 0.196875 0.253125
3 0.3109375 0.86796875 0.246875 0.246875
5 0.6328125 0.3984375 0.1859375 0.2265625
5 0.60234375 0.65 0.2484375 0.253125
0 0.88515625 0.42578125 0.2296875 0.2609375
0 0.85234375 0.67890625 0.2359375 0.2515625
0 0.8140625 0.89609375 0.225 0.2078125
0 0.090625 0.82265625 0.18125 0.2640625