4 0.128125 0.134375 0.2296875 0.2234375
4 0.63125 0.13125 0.2203125 0.2359375
4 0.8734375 0.1265625 0.2109375 0.225
4 0.11875 0.6328125 0.1796875 0.215625
4 0.3734375 0.63125 0.196875 0.2046875
4 0.6203125 0.8875 0.184375 0.2234375
3 0.378125 0.13125 0.1984375 0.21875
3 0.121875 0.371875 0.1734375 0.228125
3 0.38125 0.375 0.165625 0.2328125
3 0.3640625 0.890625 0.21875 0.21875
5 0.6171875 0.38125 0.1578125 0.209375
5 0.621875 0.634375 0.2203125 0.225
0 0.875 0.375 0.20625 0.2359375
0 0.8734375 0.628125 0.20625 0.225
0 0.86875 0.878125 0.1953125 0.24375
0 0.128125 0.878125 0.1734375 0.24375