4 0.08671875 0.27421875 0.1734375 0.2859375
4 0.503125 0.1265625 0.284375 0.253125
4 0.72890625 0.0828125 0.2734375 0.165625
4 0.18125 0.75 0.2390625 0.2625
4 0.42265625 0.6640625 0.2515625 0.25625
4 0.73984375 0.82734375 0.246875 0.271875
3 0.26484375 0.19140625 0.259375 0.271875
3 0.109375 0.5015625 0.21875 0.271875
3 0.346875 0.4203125 0.2328125 0.2734375
3 0.4984375 0.88671875 0.278125 0.2265625
5 0.571875 0.34921875 0.2171875 0.246875
5 0.65859375 0.5875 0.28125 0.284375
0 0.81328125 0.25859375 0.271875 0.2890625
0 0.8796875 0.49921875 0.240625 0.2796875
0 0.92109375 0.73671875 0.1578125 0.2921875
0 0.27109375 0.91796875 0.2421875 0.1640625