2 0.0734375 0.2734375 0.146875 0.28125
2 0.2625 0.18984375 0.30625 0.30625
5 0.50234375 0.1296875 0.2984375 0.259375
3 0.7359375 0.08515625 0.3 0.1703125
4 0.1203125 0.503125 0.240625 0.296875
4 0.33046875 0.42109375 0.246875 0.275
4 0.57421875 0.3453125 0.2875 0.3015625
4 0.80078125 0.2640625 0.253125 0.278125
4 0.1859375 0.75390625 0.2546875 0.2703125
3 0.4203125 0.6578125 0.2578125 0.2890625
2 0.6625 0.5796875 0.2625 0.278125
3 0.88203125 0.5 0.2359375 0.2625
0 0.26796875 0.9234375 0.2671875 0.153125
2 0.5046875 0.87734375 0.275 0.2453125
3 0.73203125 0.828125 0.25625 0.2765625
3 0.92421875 0.74375 0.1515625 0.275