2 0.115625 0.128125 0.2015625 0.228125
2 0.3765625 0.1296875 0.240625 0.2421875
5 0.628125 0.1359375 0.2359375 0.228125
3 0.8796875 0.125 0.2375 0.2328125
4 0.121875 0.3734375 0.2140625 0.240625
4 0.365625 0.3703125 0.1828125 0.228125
4 0.6203125 0.378125 0.2203125 0.2421875
4 0.8609375 0.375 0.1890625 0.228125
4 0.1203125 0.6375 0.19375 0.2203125
3 0.3734375 0.6234375 0.1890625 0.240625
2 0.628125 0.628125 0.2015625 0.2234375
3 0.871875 0.628125 0.1984375 0.209375
0 0.121875 0.884375 0.2046875 0.2234375
2 0.3734375 0.88125 0.2109375 0.2359375
3 0.6125 0.8859375 0.19375 0.225
3 0.871875 0.8859375 0.1921875 0.225