2 0.225 0.08828125 0.253125 0.1765625
2 0.47578125 0.12890625 0.2953125 0.2578125
5 0.71796875 0.18125 0.2875 0.28125
3 0.909375 0.23515625 0.18125 0.2859375
4 0.1671875 0.2796875 0.26875 0.2875
4 0.40390625 0.33984375 0.234375 0.2671875
4 0.64765625 0.41328125 0.2765625 0.2921875
4 0.8796875 0.471875 0.240625 0.26875
4 0.109375 0.534375 0.21875 0.2625
3 0.34609375 0.58671875 0.2453125 0.28125
2 0.590625 0.65703125 0.2515625 0.26875
3 0.82578125 0.7203125 0.246875 0.253125
0 0.08125 0.77265625 0.1625 0.2703125
2 0.27890625 0.83515625 0.2640625 0.2828125
3 0.50859375 0.88359375 0.2453125 0.2328125
3 0.75859375 0.9171875 0.2453125 0.165625