3 0.1234375 0.125 0.240625 0.2453125
5 0.3734375 0.1265625 0.196875 0.2421875
4 0.65 0.1265625 0.1984375 0.2421875
5 0.86875 0.128125 0.1890625 0.2359375
2 0.11875 0.38125 0.1796875 0.2328125
0 0.378125 0.39375 0.2234375 0.2234375
0 0.6296875 0.3859375 0.209375 0.225
3 0.871875 0.3796875 0.21875 0.240625
4 0.128125 0.63125 0.2015625 0.2375
5 0.36875 0.6421875 0.2140625 0.20625
5 0.621875 0.6359375 0.2203125 0.225
3 0.884375 0.6359375 0.2015625 0.225
4 0.1234375 0.8765625 0.215625 0.225
3 0.384375 0.89375 0.2203125 0.2125
5 0.625 0.8859375 0.20625 0.228125
3 0.87109375 0.89296875 0.1921875 0.2140625