5 0.1234375 0.13125 0.1890625 0.225
5 0.3796875 0.3765625 0.2203125 0.2296875
5 0.871875 0.378125 0.228125 0.2234375
5 0.1328125 0.6265625 0.2296875 0.215625
5 0.36875 0.6359375 0.1484375 0.209375
5 0.8734375 0.628125 0.1890625 0.225
5 0.11875 0.8765625 0.196875 0.240625
5 0.378125 0.88125 0.1515625 0.2328125
5 0.615625 0.89609375 0.1625 0.2078125
5 0.86875 0.890625 0.1671875 0.21875
3 0.3796875 0.1265625 0.215625 0.25
3 0.121875 0.3734375 0.1828125 0.2296875
0 0.6234375 0.13125 0.178125 0.215625
0 0.6234375 0.6328125 0.184375 0.225
0 0.884375 0.121875 0.2046875 0.2421875
0 0.625 0.3765625 0.1921875 0.215625