3 0.0875 0.2671875 0.175 0.309375
5 0.25859375 0.18828125 0.2640625 0.2921875
4 0.51953125 0.12265625 0.2671875 0.2453125
5 0.72734375 0.08515625 0.2546875 0.1703125
2 0.11171875 0.5109375 0.2234375 0.278125
0 0.35 0.4390625 0.284375 0.284375
0 0.58515625 0.35 0.271875 0.28125
3 0.8125 0.26484375 0.2859375 0.2984375
4 0.19140625 0.7453125 0.2671875 0.290625
5 0.421875 0.67734375 0.26875 0.2640625
5 0.659375 0.5890625 0.28125 0.284375
3 0.88828125 0.503125 0.2234375 0.278125
4 0.26640625 0.91875 0.2765625 0.1625
3 0.51796875 0.88671875 0.2765625 0.2265625
5 0.74375 0.82421875 0.26875 0.2828125
3 0.9265625 0.75 0.146875 0.265625