5 0.1640625 0.1078125 0.2125 0.215625
5 0.39296875 0.36484375 0.24375 0.25
5 0.87890625 0.4171875 0.2421875 0.246875
5 0.1234375 0.58671875 0.246875 0.2390625
5 0.35546875 0.62109375 0.1703125 0.2234375
5 0.8578125 0.66640625 0.2125 0.24375
5 0.0953125 0.834375 0.190625 0.259375
5 0.3390625 0.86640625 0.1734375 0.246875
5 0.57265625 0.896875 0.1828125 0.20625
5 0.825 0.9046875 0.190625 0.190625
3 0.41875 0.12578125 0.240625 0.2515625
3 0.1375 0.334375 0.2046875 0.246875
0 0.6609375 0.14609375 0.2 0.2328125
0 0.60859375 0.6453125 0.20625 0.24375
0 0.903125 0.1640625 0.19375 0.2625
0 0.6375 0.390625 0.2140625 0.234375