3 0.15078125 0.11484375 0.2578125 0.2296875
5 0.4 0.12265625 0.2125 0.2453125
4 0.67578125 0.13828125 0.215625 0.2546875
5 0.89375 0.1546875 0.2046875 0.25
2 0.128125 0.3546875 0.196875 0.24375
0 0.3859375 0.38515625 0.2390625 0.2390625
0 0.6375 0.3953125 0.225 0.2390625
3 0.8796875 0.40625 0.234375 0.2546875
4 0.11953125 0.6046875 0.2171875 0.2515625
5 0.359375 0.6328125 0.2265625 0.2203125
5 0.61171875 0.64375 0.234375 0.2390625
3 0.87421875 0.6625 0.215625 0.2390625
4 0.10703125 0.84921875 0.2140625 0.2390625
3 0.35703125 0.884375 0.234375 0.2265625
5 0.596875 0.8859375 0.221875 0.228125
3 0.8421875 0.90234375 0.20625 0.1953125