5 0.13671875 0.11796875 0.196875 0.23125
5 0.384375 0.37265625 0.2296875 0.2359375
5 0.87578125 0.39140625 0.2359375 0.2328125
5 0.12890625 0.61328125 0.2359375 0.2234375
5 0.3640625 0.63125 0.15625 0.2140625
5 0.86875 0.64140625 0.196875 0.23125
5 0.10546875 0.86328125 0.2046875 0.246875
5 0.36484375 0.8765625 0.159375 0.2375
5 0.60078125 0.89609375 0.1703125 0.2078125
5 0.8546875 0.8953125 0.175 0.209375
3 0.39296875 0.12578125 0.2234375 0.2515625
3 0.1265625 0.36015625 0.190625 0.234375
0 0.6359375 0.1359375 0.1859375 0.221875
0 0.61875 0.63671875 0.1921875 0.23125
0 0.8953125 0.134375 0.209375 0.25
0 0.62890625 0.38125 0.2 0.221875