3 0.121875 0.128125 0.2234375 0.2203125
3 0.3765625 0.1265625 0.2109375 0.228125
3 0.878125 0.1375 0.196875 0.2140625
3 0.128125 0.6234375 0.1984375 0.228125
2 0.634375 0.13125 0.2109375 0.215625
2 0.878125 0.6234375 0.1828125 0.2375
2 0.13125 0.375 0.21875 0.2375
2 0.378125 0.6328125 0.215625 0.21875
2 0.6203125 0.6265625 0.184375 0.225
2 0.3765625 0.8890625 0.1984375 0.20625
2 0.61484375 0.88359375 0.1921875 0.2328125
0 0.375 0.3796875 0.2140625 0.240625
0 0.8734375 0.890625 0.165625 0.21875
0 0.6265625 0.378125 0.20625 0.2234375
0 0.871875 0.3828125 0.1703125 0.225
0 0.1234375 0.88125 0.153125 0.2296875