3 0.23828125 0.0875 0.2765625 0.175
3 0.484375 0.12265625 0.265625 0.2453125
3 0.91953125 0.2546875 0.1609375 0.259375
3 0.11796875 0.51640625 0.2359375 0.2734375
2 0.73046875 0.1828125 0.2625 0.265625
2 0.8296875 0.72265625 0.240625 0.278125
2 0.1796875 0.278125 0.275 0.2890625
2 0.34609375 0.59375 0.2671875 0.2703125
2 0.58046875 0.6546875 0.2390625 0.2671875
2 0.27421875 0.83984375 0.246875 0.253125
2 0.50390625 0.88046875 0.2484375 0.2390625
0 0.41328125 0.35 0.271875 0.290625
0 0.7515625 0.925 0.21875 0.15
0 0.65546875 0.41796875 0.259375 0.271875
0 0.88828125 0.4890625 0.2234375 0.2625
0 0.06875 0.76171875 0.1375 0.2640625