0 0.0828125 0.26171875 0.165625 0.2671875
3 0.28515625 0.17109375 0.265625 0.278125
4 0.5109375 0.121875 0.271875 0.24375
2 0.7625 0.08828125 0.2625 0.1765625
2 0.10703125 0.49296875 0.2140625 0.2734375
5 0.34140625 0.4234375 0.240625 0.278125
3 0.59375 0.3578125 0.2703125 0.2703125
5 0.83828125 0.284375 0.2796875 0.28125
3 0.18046875 0.728125 0.2484375 0.26875
0 0.4171875 0.66328125 0.2578125 0.2671875
0 0.659375 0.590625 0.23125 0.25625
3 0.88515625 0.53046875 0.2296875 0.2640625
2 0.24765625 0.91171875 0.2671875 0.1765625
2 0.490625 0.8828125 0.275 0.234375
3 0.73046875 0.83984375 0.2515625 0.265625
4 0.91875 0.76796875 0.1625 0.2734375