0 0.115625 0.1421875 0.215625 0.215625
3 0.384375 0.125 0.2109375 0.228125
4 0.6203125 0.121875 0.215625 0.2328125
2 0.88125 0.125 0.2046875 0.2359375
2 0.11875 0.384375 0.1671875 0.2359375
5 0.36875 0.3828125 0.1828125 0.2375
3 0.6296875 0.3890625 0.21875 0.21875
5 0.884375 0.3859375 0.225 0.228125
3 0.1296875 0.63125 0.19375 0.2234375
0 0.375 0.634375 0.2046875 0.2203125
0 0.628125 0.63125 0.178125 0.215625
3 0.8703125 0.6375 0.19375 0.2203125
2 0.128125 0.88046875 0.209375 0.2390625
2 0.3796875 0.8859375 0.2203125 0.225
3 0.628125 0.890625 0.1984375 0.21875
4 0.875 0.8859375 0.2046875 0.225