3 0.1 0.18359375 0.2 0.2484375
3 0.32578125 0.14765625 0.240625 0.2546875
3 0.8234375 0.10390625 0.225 0.2078125
3 0.14921875 0.67421875 0.2296875 0.253125
2 0.58203125 0.11875 0.2390625 0.2375
2 0.89140625 0.56953125 0.2140625 0.2609375
2 0.12109375 0.4265625 0.2421875 0.265625
2 0.39765625 0.6484375 0.24375 0.246875
2 0.63671875 0.60859375 0.2140625 0.2484375
2 0.43125 0.89296875 0.225 0.2140625
2 0.6671875 0.8640625 0.2234375 0.2578125
0 0.359375 0.3984375 0.2453125 0.2671875
0 0.91328125 0.83515625 0.1734375 0.2390625
0 0.60859375 0.36171875 0.2359375 0.25
0 0.8515625 0.33203125 0.1984375 0.246875
0 0.1796875 0.90234375 0.184375 0.1953125