0 0.20625 0.096875 0.259375 0.19375
3 0.47109375 0.121875 0.2578125 0.24375
4 0.70234375 0.15859375 0.2625 0.275
2 0.9140625 0.21953125 0.171875 0.2765625
2 0.1546875 0.3015625 0.2171875 0.26875
5 0.3984375 0.35625 0.23125 0.271875
3 0.6515625 0.42109375 0.2625 0.2625
5 0.88203125 0.47421875 0.2359375 0.2734375
3 0.1140625 0.54375 0.228125 0.2625
0 0.34765625 0.603125 0.25 0.259375
0 0.5953125 0.65703125 0.221875 0.25
3 0.8296875 0.7171875 0.2375 0.2578125
2 0.090625 0.78671875 0.18125 0.2796875
2 0.29609375 0.84921875 0.265625 0.26875
3 0.5359375 0.88984375 0.24375 0.2203125
4 0.77890625 0.91328125 0.2515625 0.1734375