5 0.125 0.1265625 0.2140625 0.240625
5 0.63125 0.121875 0.20625 0.2421875
5 0.625 0.6328125 0.184375 0.225
5 0.125 0.884375 0.1921875 0.228125
5 0.61796875 0.88359375 0.1796875 0.2328125
5 0.8796875 0.884375 0.1796875 0.2296875
2 0.371875 0.1203125 0.215625 0.240625
2 0.875 0.121875 0.1921875 0.2421875
2 0.128125 0.38125 0.2296875 0.2328125
2 0.128125 0.6375 0.1609375 0.2140625
0 0.384375 0.3859375 0.196875 0.225
0 0.6296875 0.38125 0.1671875 0.215625
4 0.871875 0.3734375 0.2140625 0.240625
4 0.884375 0.634375 0.196875 0.2359375
4 0.375 0.875 0.2046875 0.25
3 0.3796875 0.6296875 0.19375 0.228125