2 0.1859375 0.1078125 0.25 0.215625
3 0.428125 0.11953125 0.23125 0.2390625
4 0.68125 0.1640625 0.2234375 0.2359375
3 0.9 0.19140625 0.2 0.2453125
0 0.1421875 0.3265625 0.2421875 0.25625
5 0.38984375 0.36328125 0.2375 0.2421875
0 0.634375 0.39921875 0.196875 0.2453125
2 0.8921875 0.4359375 0.215625 0.240625
3 0.1171875 0.5828125 0.234375 0.25625
3 0.3625 0.61640625 0.240625 0.2640625
3 0.6078125 0.65234375 0.2515625 0.2453125
3 0.8578125 0.690625 0.253125 0.25
3 0.0984375 0.82734375 0.196875 0.2578125
5 0.3203125 0.8578125 0.2375 0.2671875
0 0.5671875 0.890625 0.2375 0.21875
5 0.8046875 0.90625 0.234375 0.1875