2 0.1515625 0.11796875 0.23125 0.2359375
3 0.39453125 0.11953125 0.2109375 0.2390625
4 0.6515625 0.15 0.2078125 0.2203125
3 0.88984375 0.15546875 0.2203125 0.2265625
0 0.12890625 0.35859375 0.225 0.2390625
5 0.378125 0.3734375 0.2203125 0.2265625
0 0.625 0.3875 0.1796875 0.2328125
2 0.88984375 0.4015625 0.2078125 0.225
3 0.121875 0.61640625 0.2265625 0.2390625
3 0.37265625 0.628125 0.221875 0.246875
3 0.62109375 0.6421875 0.2359375 0.2265625
3 0.8734375 0.65859375 0.2359375 0.2328125
3 0.10859375 0.8640625 0.2171875 0.240625
5 0.35234375 0.87265625 0.2171875 0.2515625
0 0.60234375 0.890625 0.2203125 0.21875
5 0.84140625 0.89609375 0.2171875 0.2078125