2 0.13125 0.128125 0.21875 0.2421875
3 0.375 0.1203125 0.1984375 0.240625
4 0.6328125 0.1421875 0.196875 0.2109375
3 0.8796875 0.1359375 0.225 0.215625
0 0.121875 0.378125 0.2140625 0.228125
5 0.371875 0.3796875 0.209375 0.215625
0 0.61875 0.38125 0.1671875 0.2234375
2 0.884375 0.38125 0.196875 0.215625
3 0.128125 0.6359375 0.215625 0.228125
3 0.3796875 0.634375 0.2109375 0.2359375
3 0.628125 0.6359375 0.2234375 0.215625
3 0.88125 0.6390625 0.225 0.2203125
3 0.125 0.884375 0.2140625 0.2296875
5 0.371875 0.8796875 0.2046875 0.240625
0 0.6234375 0.890625 0.209375 0.21875
5 0.8625 0.8890625 0.2046875 0.2203125