5 0.09921875 0.18203125 0.1984375 0.2671875
5 0.5765625 0.1203125 0.2375 0.240625
5 0.6421875 0.6140625 0.2140625 0.2484375
5 0.18203125 0.903125 0.2234375 0.19375
5 0.6703125 0.86328125 0.2109375 0.25625
5 0.9125 0.828125 0.175 0.253125
2 0.3203125 0.1421875 0.246875 0.26875
2 0.81875 0.103125 0.225 0.20625
2 0.12265625 0.434375 0.2453125 0.2625
2 0.15078125 0.68828125 0.1890625 0.234375
0 0.36953125 0.403125 0.2265625 0.25
0 0.61171875 0.3640625 0.1953125 0.2359375
4 0.85078125 0.32265625 0.2453125 0.2671875
4 0.8921875 0.5796875 0.215625 0.2625
4 0.428125 0.875 0.2375 0.25
3 0.39921875 0.6453125 0.2234375 0.253125