5 0.0828125 0.26015625 0.165625 0.2953125
5 0.5078125 0.1234375 0.271875 0.246875
5 0.66015625 0.5875 0.2453125 0.2703125
5 0.26171875 0.92109375 0.2546875 0.1578125
5 0.73046875 0.828125 0.2421875 0.2765625
5 0.9296875 0.7484375 0.140625 0.275
2 0.2609375 0.178125 0.2796875 0.2953125
2 0.7390625 0.084375 0.259375 0.16875
2 0.12734375 0.50234375 0.2546875 0.2921875
2 0.1890625 0.7453125 0.2203125 0.253125
0 0.3546875 0.42734375 0.25625 0.275
0 0.58671875 0.346875 0.225 0.25625
4 0.81484375 0.26484375 0.2765625 0.2953125
4 0.88828125 0.50859375 0.2234375 0.2859375
4 0.49609375 0.871875 0.2734375 0.25625
3 0.42578125 0.66015625 0.2546875 0.2765625