0 0.246875 0.09375 0.278125 0.1875
5 0.471875 0.12578125 0.275 0.2515625
4 0.71953125 0.17578125 0.2828125 0.296875
5 0.9140625 0.2390625 0.171875 0.29375
5 0.17265625 0.2875 0.246875 0.265625
4 0.41484375 0.35546875 0.2640625 0.2625
0 0.6625 0.41640625 0.271875 0.2828125
4 0.87421875 0.484375 0.2515625 0.28125
2 0.12109375 0.52265625 0.2421875 0.2890625
4 0.34921875 0.57890625 0.278125 0.2890625
3 0.5859375 0.66484375 0.2578125 0.2828125
0 0.828125 0.73359375 0.278125 0.2890625
3 0.09140625 0.76796875 0.1828125 0.2828125
4 0.27265625 0.828125 0.2609375 0.2890625
0 0.5140625 0.88515625 0.234375 0.2296875
0 0.75546875 0.92421875 0.2453125 0.1515625