0 0.271875 0.08984375 0.2875 0.1796875
5 0.49140625 0.12734375 0.2828125 0.2546875
4 0.7359375 0.18828125 0.2921875 0.3046875
5 0.91875 0.2640625 0.1625 0.3
5 0.184375 0.2703125 0.2546875 0.271875
4 0.42265625 0.35078125 0.2703125 0.2703125
0 0.66640625 0.425 0.2796875 0.2890625
4 0.87265625 0.50390625 0.2546875 0.2890625
2 0.12265625 0.5015625 0.2453125 0.296875
4 0.3453125 0.5703125 0.2859375 0.296875
3 0.57734375 0.66875 0.2671875 0.2890625
0 0.815625 0.75078125 0.2859375 0.2953125
3 0.08671875 0.74375 0.1734375 0.290625
4 0.25546875 0.815625 0.26875 0.2953125
0 0.49140625 0.884375 0.2421875 0.23125
0 0.7296875 0.92890625 0.253125 0.1421875