0 0.13125 0.128125 0.2203125 0.2453125
5 0.3640625 0.128125 0.215625 0.2453125
4 0.621875 0.128125 0.2234375 0.2453125
5 0.8796875 0.1203125 0.225 0.240625
5 0.1265625 0.3859375 0.19375 0.2203125
4 0.378125 0.384375 0.2140625 0.2109375
0 0.6328125 0.375 0.215625 0.2328125
4 0.86875 0.378125 0.2234375 0.228125
2 0.1234375 0.63125 0.225 0.2359375
4 0.3765625 0.6171875 0.2203125 0.2375
3 0.628125 0.634375 0.2015625 0.2359375
0 0.8796875 0.634375 0.2203125 0.2359375
3 0.1359375 0.884375 0.225 0.2296875
4 0.371875 0.878125 0.2015625 0.24375
0 0.625 0.8859375 0.178125 0.228125
0 0.878125 0.890625 0.1921875 0.2171875