2 0.09140625 0.19921875 0.1828125 0.2734375
0 0.315625 0.1546875 0.2703125 0.2765625
3 0.5578125 0.1234375 0.24375 0.246875
2 0.803125 0.1015625 0.2875 0.203125
3 0.11484375 0.4375 0.2296875 0.2625
5 0.35859375 0.3984375 0.26875 0.2671875
4 0.59921875 0.35859375 0.2546875 0.259375
5 0.8578125 0.31484375 0.26875 0.2765625
3 0.15625 0.69375 0.253125 0.2484375
3 0.4 0.66015625 0.2484375 0.275
4 0.63984375 0.59296875 0.2515625 0.2625
4 0.8875 0.5671875 0.225 0.246875
0 0.19921875 0.89609375 0.2453125 0.2078125
0 0.434375 0.88203125 0.23125 0.2359375
3 0.68515625 0.846875 0.225 0.28125
0 0.915625 0.80703125 0.16875 0.2703125