2 0.121875 0.128125 0.2015625 0.2421875
0 0.378125 0.128125 0.2328125 0.240625
3 0.625 0.128125 0.2046875 0.2375
2 0.875 0.125 0.25 0.2359375
3 0.121875 0.3703125 0.2140625 0.2296875
5 0.378125 0.375 0.2328125 0.2296875
4 0.621875 0.378125 0.21875 0.2234375
5 0.884375 0.3796875 0.2296875 0.240625
3 0.128125 0.63125 0.21875 0.2140625
3 0.3734375 0.640625 0.209375 0.2421875
4 0.621875 0.615625 0.215625 0.228125
4 0.875 0.634375 0.2015625 0.215625
0 0.128125 0.875 0.2046875 0.25
0 0.3671875 0.88125 0.19375 0.2359375
3 0.621875 0.8734375 0.184375 0.2515625
0 0.884375 0.8796875 0.1890625 0.240625