5 0.09921875 0.1640625 0.1984375 0.21875
5 0.8546875 0.35 0.19375 0.25
3 0.34921875 0.13125 0.1828125 0.2359375
3 0.1125 0.4 0.225 0.25625
3 0.6171875 0.36328125 0.1984375 0.225
3 0.13515625 0.64140625 0.221875 0.2453125
3 0.8828125 0.596875 0.184375 0.2390625
2 0.60078125 0.11796875 0.1859375 0.2359375
2 0.63984375 0.61875 0.209375 0.2453125
2 0.15859375 0.890625 0.1984375 0.21875
2 0.3984375 0.88203125 0.19375 0.2359375
2 0.66015625 0.86796875 0.203125 0.25625
4 0.84375 0.10390625 0.190625 0.2078125
4 0.3640625 0.3890625 0.1890625 0.2328125
4 0.90078125 0.85390625 0.184375 0.2484375
0 0.3796875 0.63671875 0.2 0.2484375