5 0.121875 0.1375 0.1890625 0.2046875
5 0.8640625 0.375 0.178125 0.2375
3 0.375 0.121875 0.1671875 0.2234375
3 0.1171875 0.3734375 0.215625 0.2421875
3 0.6265625 0.371875 0.184375 0.2140625
3 0.1265625 0.615625 0.20625 0.2328125
3 0.875 0.6234375 0.1703125 0.228125
2 0.628125 0.1203125 0.1703125 0.2375
2 0.63125 0.628125 0.1921875 0.2328125
2 0.13125 0.88125 0.1828125 0.2359375
2 0.371875 0.88125 0.178125 0.2359375
2 0.634375 0.878125 0.1859375 0.24375
4 0.871875 0.1140625 0.175 0.228125
4 0.371875 0.3796875 0.1734375 0.2203125
4 0.875 0.88125 0.1671875 0.2359375
0 0.3703125 0.628125 0.184375 0.2359375