2 0.0984375 0.16875 0.196875 0.2625
0 0.33984375 0.14296875 0.25625 0.2640625
3 0.58515625 0.12265625 0.2296875 0.2453125
2 0.83359375 0.10859375 0.2734375 0.2171875
3 0.1140625 0.4109375 0.228125 0.25
5 0.365625 0.38828125 0.2546875 0.253125
4 0.60859375 0.36640625 0.240625 0.2453125
5 0.86953125 0.33984375 0.2546875 0.2640625
3 0.14375 0.66953125 0.240625 0.234375
3 0.3890625 0.653125 0.234375 0.2640625
4 0.63359375 0.60234375 0.2390625 0.25
4 0.88671875 0.59453125 0.221875 0.2359375
0 0.16875 0.88828125 0.23125 0.2234375
0 0.40703125 0.88203125 0.2171875 0.2359375
3 0.66015625 0.85859375 0.209375 0.2703125
0 0.9078125 0.8375 0.184375 0.259375