5 0.07421875 0.271875 0.1484375 0.253125
5 0.8078125 0.26875 0.2421875 0.28125
3 0.2640625 0.17890625 0.2296875 0.265625
3 0.11796875 0.496875 0.2359375 0.296875
3 0.58046875 0.3390625 0.240625 0.259375
3 0.18046875 0.725 0.2671875 0.284375
3 0.8890625 0.5015625 0.221875 0.26875
2 0.5046875 0.11875 0.234375 0.2375
2 0.6640625 0.58125 0.2546875 0.2796875
2 0.2671875 0.91796875 0.246875 0.1640625
2 0.49609375 0.88125 0.2421875 0.2375
2 0.74453125 0.81796875 0.253125 0.2890625
4 0.734375 0.0765625 0.2375 0.153125
4 0.340625 0.425 0.234375 0.2640625
4 0.92890625 0.74609375 0.1421875 0.2765625
0 0.41640625 0.66171875 0.2484375 0.2828125