3 0.1734375 0.10078125 0.20625 0.2015625
3 0.64296875 0.4015625 0.253125 0.25
3 0.87890625 0.43046875 0.228125 0.2453125
4 0.4234375 0.11875 0.209375 0.2375
4 0.89375 0.17890625 0.2125 0.2765625
4 0.86328125 0.67734375 0.221875 0.24375
4 0.56953125 0.8796875 0.2609375 0.240625
0 0.6703125 0.1421875 0.21875 0.2671875
0 0.15 0.33125 0.21875 0.2609375
0 0.39453125 0.36484375 0.2140625 0.2484375
0 0.12109375 0.5796875 0.2390625 0.259375
0 0.35859375 0.60625 0.2171875 0.2484375
0 0.08671875 0.8296875 0.1734375 0.25
2 0.596875 0.64296875 0.234375 0.25
5 0.3234375 0.86015625 0.23125 0.2625
5 0.815625 0.8984375 0.23125 0.203125