5 0.27421875 0.08828125 0.2703125 0.1765625
2 0.5109375 0.12734375 0.284375 0.2546875
3 0.74375 0.19609375 0.2828125 0.2859375
5 0.91484375 0.265625 0.1703125 0.28125
2 0.19140625 0.26953125 0.2859375 0.284375
0 0.425 0.33984375 0.30625 0.3125
4 0.65859375 0.425 0.290625 0.3046875
3 0.88125 0.51484375 0.2375 0.3046875
3 0.125 0.4984375 0.25 0.290625
0 0.35078125 0.58203125 0.290625 0.2953125
0 0.56953125 0.66484375 0.275 0.29375
2 0.8078125 0.75 0.25625 0.2734375
4 0.07890625 0.72890625 0.1578125 0.2953125
3 0.24921875 0.81953125 0.2265625 0.26875
3 0.4921875 0.8734375 0.25625 0.253125
3 0.73515625 0.9125 0.2984375 0.175