5 0.1265625 0.13125 0.196875 0.2515625
2 0.3765625 0.1296875 0.21875 0.2296875
3 0.625 0.13125 0.2203125 0.225
5 0.8625 0.11875 0.2203125 0.2203125
2 0.13125 0.3890625 0.2234375 0.2203125
0 0.375 0.375 0.2359375 0.246875
4 0.6234375 0.375 0.2203125 0.2453125
3 0.8890625 0.375 0.2203125 0.2453125
3 0.13125 0.6328125 0.2203125 0.2296875
0 0.3875 0.628125 0.225 0.2328125
0 0.621875 0.63125 0.2046875 0.2375
2 0.875 0.6296875 0.1921875 0.2203125
4 0.12734375 0.88046875 0.2078125 0.2390625
3 0.3734375 0.8859375 0.1578125 0.228125
3 0.628125 0.875 0.18125 0.2484375
3 0.8859375 0.8734375 0.225 0.2515625