5 0.1078125 0.1515625 0.209375 0.2609375
2 0.35703125 0.13671875 0.2296875 0.240625
3 0.60546875 0.125 0.23125 0.2359375
5 0.8421875 0.1078125 0.23125 0.215625
2 0.12578125 0.40859375 0.2359375 0.2328125
0 0.36875 0.38203125 0.25 0.259375
4 0.61640625 0.36875 0.2328125 0.25625
3 0.88203125 0.3546875 0.2328125 0.25625
3 0.1390625 0.6515625 0.23125 0.240625
0 0.39453125 0.63359375 0.2375 0.24375
0 0.62890625 0.625 0.2171875 0.2484375
2 0.88125 0.61015625 0.2046875 0.23125
4 0.14765625 0.88671875 0.2203125 0.2265625
3 0.39296875 0.88671875 0.1703125 0.2265625
3 0.64765625 0.86796875 0.19375 0.2578125
3 0.89296875 0.85234375 0.2140625 0.2640625