3 0.1171875 0.1203125 0.175 0.240625
3 0.628125 0.3828125 0.2234375 0.2203125
3 0.865625 0.378125 0.1984375 0.2203125
4 0.3703125 0.1203125 0.178125 0.240625
4 0.871875 0.1234375 0.23125 0.246875
4 0.884375 0.625 0.19375 0.21875
4 0.62421875 0.88046875 0.2296875 0.2390625
0 0.61875 0.121875 0.1859375 0.2421875
0 0.1296875 0.38125 0.1875 0.2375
0 0.3765625 0.38125 0.184375 0.2234375
0 0.1359375 0.63125 0.209375 0.2328125
0 0.375 0.625 0.1875 0.225
0 0.121875 0.8859375 0.1734375 0.228125
2 0.615625 0.628125 0.2046875 0.2234375
5 0.375 0.88125 0.2015625 0.2359375
5 0.871875 0.88046875 0.2 0.2390625