3 0.1109375 0.12734375 0.1796875 0.24375
3 0.62578125 0.38046875 0.228125 0.225
3 0.86328125 0.371875 0.203125 0.2234375
4 0.3640625 0.12265625 0.1828125 0.24375
4 0.86484375 0.12109375 0.2359375 0.2421875
4 0.88671875 0.61796875 0.196875 0.221875
4 0.63046875 0.878125 0.234375 0.24375
0 0.6125 0.12109375 0.190625 0.2421875
0 0.12734375 0.3875 0.1921875 0.240625
0 0.37421875 0.38359375 0.1875 0.228125
0 0.13828125 0.6375 0.2140625 0.2359375
0 0.37734375 0.62734375 0.190625 0.228125
0 0.128125 0.88828125 0.178125 0.2234375
2 0.61796875 0.62578125 0.209375 0.228125
5 0.38203125 0.88125 0.2046875 0.2375
5 0.878125 0.87421875 0.2046875 0.2421875