0 0.1703125 0.10859375 0.1875 0.2171875
0 0.36484375 0.61796875 0.2421875 0.2515625
0 0.6203125 0.64140625 0.228125 0.2453125
0 0.8625 0.6703125 0.2078125 0.2484375
0 0.57890625 0.88046875 0.2296875 0.2390625
2 0.4078125 0.12265625 0.23125 0.2453125
2 0.90234375 0.17421875 0.1953125 0.2421875
2 0.3890625 0.359375 0.2234375 0.2515625
4 0.65234375 0.1453125 0.2484375 0.2546875
4 0.87578125 0.425 0.2078125 0.228125
3 0.140625 0.33515625 0.228125 0.2390625
3 0.11328125 0.58984375 0.1734375 0.2421875
3 0.09765625 0.83828125 0.1953125 0.2484375
3 0.3328125 0.8625 0.2125 0.2625
5 0.63515625 0.39453125 0.2515625 0.2515625
5 0.83203125 0.8953125 0.2171875 0.209375