0 0.10546875 0.17265625 0.2109375 0.2765625
0 0.33046875 0.14609375 0.23125 0.2515625
4 0.5828125 0.12578125 0.2046875 0.23125
0 0.8359375 0.10546875 0.225 0.2109375
4 0.12109375 0.43984375 0.2203125 0.23125
3 0.36328125 0.4 0.253125 0.2515625
3 0.6109375 0.36171875 0.2171875 0.2625
4 0.86015625 0.3453125 0.2375 0.2609375
4 0.1328125 0.68984375 0.2296875 0.2375
4 0.39609375 0.6421875 0.2484375 0.2578125
2 0.64609375 0.6140625 0.2140625 0.240625
0 0.88984375 0.6 0.2203125 0.234375
3 0.171875 0.9046875 0.225 0.190625
2 0.41171875 0.8890625 0.2140625 0.221875
5 0.66015625 0.85625 0.2296875 0.275
5 0.8984375 0.8375 0.203125 0.253125