0 0.1296875 0.134375 0.165625 0.2234375
0 0.378125 0.63125 0.2203125 0.2296875
0 0.634375 0.628125 0.20625 0.225
0 0.878125 0.63125 0.184375 0.2296875
0 0.6203125 0.88046875 0.20625 0.2390625
2 0.36875 0.1234375 0.2078125 0.246875
2 0.86875 0.134375 0.178125 0.2234375
2 0.375 0.371875 0.2015625 0.2328125
4 0.6140625 0.13125 0.225 0.2328125
4 0.865625 0.3859375 0.1875 0.2109375
3 0.125 0.3734375 0.20625 0.21875
3 0.125 0.6296875 0.1515625 0.228125
3 0.121875 0.8796875 0.1984375 0.2296875
3 0.371875 0.878125 0.1890625 0.24375
5 0.6234375 0.38125 0.2296875 0.228125
5 0.875 0.88125 0.19375 0.2359375