0 0.125 0.125 0.2296875 0.25
0 0.375 0.128125 0.2046875 0.228125
4 0.628125 0.1390625 0.1796875 0.2109375
0 0.884375 0.1296875 0.1984375 0.228125
4 0.13125 0.39375 0.196875 0.209375
3 0.3765625 0.384375 0.228125 0.225
3 0.6265625 0.3765625 0.1890625 0.2421875
4 0.8765625 0.390625 0.2109375 0.2359375
4 0.1125 0.64375 0.2046875 0.2140625
4 0.3796875 0.628125 0.2203125 0.2328125
2 0.63125 0.63125 0.1890625 0.2203125
0 0.878125 0.646875 0.2015625 0.2109375
3 0.121875 0.8890625 0.1984375 0.2203125
2 0.3640625 0.8875 0.1875 0.2234375
5 0.615625 0.8734375 0.2015625 0.2515625
5 0.871875 0.8859375 0.2140625 0.228125