0 0.1453125 0.11875 0.24375 0.2375
0 0.39453125 0.121875 0.2171875 0.2390625
4 0.646875 0.14609375 0.190625 0.21875
0 0.8984375 0.15 0.203125 0.2375
4 0.1375 0.37421875 0.2078125 0.21875
3 0.3828125 0.378125 0.2390625 0.2359375
3 0.6328125 0.38359375 0.2015625 0.2515625
4 0.88203125 0.41015625 0.221875 0.246875
4 0.10625 0.62265625 0.2125 0.2234375
4 0.3734375 0.621875 0.2328125 0.24375
2 0.62421875 0.63828125 0.2 0.2296875
0 0.86953125 0.66640625 0.2109375 0.221875
3 0.10390625 0.86875 0.2078125 0.23125
2 0.34375 0.8796875 0.1984375 0.234375
5 0.59609375 0.8734375 0.2140625 0.253125
5 0.85 0.8921875 0.225 0.215625