0 0.26015625 0.084375 0.2265625 0.16875
0 0.34375 0.5875 0.2796875 0.2875
0 0.58828125 0.66328125 0.265625 0.278125
0 0.81875 0.74140625 0.246875 0.2765625
0 0.49609375 0.8765625 0.2703125 0.246875
2 0.49140625 0.125 0.2734375 0.25
2 0.921875 0.265625 0.15625 0.26875
2 0.42109375 0.33984375 0.2625 0.2828125
4 0.72265625 0.184375 0.2859375 0.290625
4 0.88046875 0.50390625 0.2390625 0.2578125
3 0.1828125 0.2640625 0.2640625 0.271875
3 0.1046875 0.50703125 0.209375 0.2640625
3 0.0765625 0.74453125 0.153125 0.2796875
3 0.2609375 0.8203125 0.2546875 0.290625
5 0.65390625 0.425 0.2875 0.2875
5 0.73828125 0.91796875 0.2578125 0.1640625