4 0.08359375 0.2328125 0.1671875 0.2875
4 0.26875 0.1734375 0.221875 0.271875
4 0.1703125 0.72421875 0.2265625 0.2625
4 0.40546875 0.6609375 0.2421875 0.2671875
4 0.234375 0.90703125 0.246875 0.1859375
4 0.925 0.77890625 0.15 0.2578125
5 0.5265625 0.1203125 0.240625 0.240625
5 0.72578125 0.834375 0.1984375 0.2609375
3 0.7703125 0.0875 0.21875 0.175
3 0.8890625 0.528125 0.209375 0.2578125
2 0.11640625 0.4734375 0.2328125 0.29375
2 0.34921875 0.409375 0.265625 0.275
2 0.83828125 0.28984375 0.221875 0.2609375
2 0.6515625 0.59375 0.215625 0.2625
2 0.47265625 0.88125 0.2234375 0.2375
0 0.590625 0.33671875 0.2734375 0.28125