4 0.121875 0.121875 0.2078125 0.2421875
4 0.3609375 0.125 0.165625 0.2375
4 0.1234375 0.63125 0.175 0.225
4 0.3671875 0.63125 0.1890625 0.225
4 0.125 0.875 0.1890625 0.2484375
4 0.871875 0.8890625 0.1703125 0.2203125
5 0.628125 0.1265625 0.1875 0.228125
5 0.63125 0.88125 0.1421875 0.2328125
3 0.8796875 0.13125 0.165625 0.2234375
3 0.86875 0.628125 0.1578125 0.225
2 0.1265625 0.3734375 0.19375 0.2515625
2 0.378125 0.3734375 0.2140625 0.228125
2 0.88125 0.384375 0.1703125 0.2234375
2 0.621875 0.6296875 0.1625 0.2296875
2 0.3703125 0.8796875 0.1671875 0.240625
0 0.6296875 0.365625 0.2203125 0.2328125