3 0.18984375 0.1046875 0.2453125 0.209375
4 0.42734375 0.125 0.2578125 0.25
2 0.68671875 0.159375 0.2359375 0.2453125
3 0.9 0.18515625 0.2 0.2640625
3 0.15390625 0.328125 0.2328125 0.253125
4 0.3859375 0.36171875 0.215625 0.25625
3 0.63671875 0.4046875 0.2734375 0.265625
3 0.87890625 0.44921875 0.2421875 0.2640625
3 0.12109375 0.57421875 0.2203125 0.2484375
0 0.3421875 0.61875 0.246875 0.259375
3 0.60546875 0.6546875 0.2359375 0.2390625
0 0.85703125 0.70078125 0.2234375 0.234375
2 0.090625 0.81796875 0.18125 0.2640625
4 0.31640625 0.86875 0.209375 0.2390625
0 0.57265625 0.88671875 0.2296875 0.2265625
4 0.80546875 0.90078125 0.2328125 0.1984375