3 0.23515625 0.09375 0.2640625 0.1875
4 0.4671875 0.1265625 0.278125 0.253125
2 0.72109375 0.18046875 0.2546875 0.2609375
3 0.9109375 0.23125 0.178125 0.28125
3 0.1734375 0.29296875 0.2515625 0.26875
4 0.40078125 0.35078125 0.2359375 0.2703125
3 0.64609375 0.41953125 0.2921875 0.284375
3 0.87578125 0.490625 0.2484375 0.28125
3 0.1171875 0.534375 0.234375 0.2625
0 0.33046875 0.6015625 0.265625 0.2765625
3 0.58828125 0.66484375 0.253125 0.25625
0 0.834375 0.73671875 0.2390625 0.2484375
2 0.08046875 0.7703125 0.1609375 0.278125
4 0.27890625 0.84765625 0.228125 0.253125
0 0.52890625 0.8859375 0.2484375 0.228125
4 0.75859375 0.91171875 0.2515625 0.1765625