3 0.128125 0.1359375 0.2140625 0.225
4 0.36875 0.134375 0.225 0.2328125
2 0.63125 0.134375 0.2046875 0.215625
3 0.8734375 0.121875 0.2203125 0.2328125
3 0.13125 0.384375 0.2015625 0.225
4 0.365625 0.38125 0.1828125 0.2296875
3 0.6203125 0.384375 0.240625 0.2296875
3 0.871875 0.390625 0.2203125 0.2328125
3 0.1375 0.6328125 0.1875 0.2203125
0 0.3625 0.6421875 0.2140625 0.2296875
3 0.628125 0.6359375 0.20625 0.209375
0 0.884375 0.6421875 0.1921875 0.20625
2 0.128125 0.88046875 0.18125 0.2390625
4 0.3765625 0.89296875 0.178125 0.2140625
0 0.634375 0.8859375 0.196875 0.228125
4 0.8703125 0.88125 0.1984375 0.2359375