4 0.090625 0.2 0.18125 0.278125
4 0.2921875 0.15859375 0.2078125 0.2640625
4 0.15546875 0.70078125 0.2140625 0.2546875
4 0.39453125 0.65390625 0.2296875 0.2578125
4 0.20234375 0.89921875 0.2328125 0.2015625
4 0.9171875 0.8109375 0.165625 0.25
5 0.5546875 0.11875 0.228125 0.2375
5 0.7015625 0.84921875 0.184375 0.2546875
3 0.80234375 0.0953125 0.2046875 0.190625
3 0.88671875 0.55546875 0.196875 0.2515625
2 0.1140625 0.446875 0.228125 0.284375
2 0.35625 0.39921875 0.253125 0.2640625
2 0.85234375 0.3140625 0.209375 0.253125
2 0.64453125 0.60390625 0.203125 0.25625
2 0.4453125 0.88203125 0.209375 0.2359375
0 0.6015625 0.34296875 0.2609375 0.2703125