0 0.1015625 0.1765625 0.203125 0.240625
4 0.34921875 0.1578125 0.21875 0.234375
3 0.584375 0.121875 0.2421875 0.2375
0 0.83671875 0.11015625 0.2484375 0.2203125
4 0.11328125 0.41640625 0.2265625 0.2421875
2 0.365625 0.40390625 0.2375 0.2375
0 0.6125 0.371875 0.2546875 0.265625
2 0.85859375 0.35546875 0.2265625 0.2328125
3 0.13828125 0.6765625 0.253125 0.246875
3 0.39375 0.64140625 0.265625 0.2640625
0 0.64296875 0.6234375 0.24375 0.265625
3 0.88046875 0.584375 0.2390625 0.246875
2 0.15390625 0.89609375 0.2390625 0.2078125
0 0.4171875 0.87890625 0.24375 0.2421875
5 0.68359375 0.86875 0.259375 0.2484375
2 0.9015625 0.84296875 0.196875 0.2484375