3 0.22109375 0.0953125 0.2421875 0.190625
3 0.46640625 0.12109375 0.2578125 0.2421875
3 0.91796875 0.21328125 0.1640625 0.2734375
3 0.10625 0.546875 0.209375 0.2546875
2 0.696875 0.1609375 0.190625 0.25625
2 0.159375 0.29453125 0.2453125 0.278125
2 0.6453125 0.41171875 0.234375 0.26875
2 0.2875 0.8359375 0.25625 0.2890625
2 0.5328125 0.878125 0.228125 0.24375
4 0.403125 0.35078125 0.2546875 0.28125
4 0.33984375 0.59765625 0.209375 0.2609375
5 0.878125 0.46171875 0.24375 0.2703125
0 0.59921875 0.6546875 0.2265625 0.259375
0 0.8453125 0.7140625 0.228125 0.2671875
4 0.778125 0.91171875 0.240625 0.1765625