3 0.128125 0.125 0.1921875 0.2421875
3 0.378125 0.121875 0.209375 0.2359375
3 0.8796875 0.11875 0.1890625 0.2359375
3 0.1265625 0.634375 0.1625 0.2234375
2 0.615625 0.125 0.1421875 0.2296875
2 0.121875 0.3765625 0.196875 0.240625
2 0.621875 0.38125 0.1875 0.2328125
2 0.36875 0.875 0.2046875 0.25
2 0.621875 0.878125 0.178125 0.24375
4 0.371875 0.3765625 0.2046875 0.2421875
4 0.365625 0.63125 0.1609375 0.2296875
5 0.86875 0.3765625 0.2140625 0.2296875
0 0.63125 0.628125 0.1796875 0.225
0 0.884375 0.63125 0.1796875 0.2328125
4 0.875 0.884375 0.1921875 0.2296875