3 0.253125 0.08828125 0.25625 0.1765625
3 0.49375 0.1234375 0.26875 0.246875
3 0.92421875 0.2453125 0.1515625 0.28125
3 0.10703125 0.51875 0.2140625 0.2625
2 0.7203125 0.175 0.2046875 0.2625
2 0.17421875 0.27109375 0.259375 0.2875
2 0.6515625 0.421875 0.246875 0.2765625
2 0.26484375 0.8203125 0.2703125 0.2984375
2 0.50546875 0.8765625 0.2421875 0.246875
4 0.41328125 0.34453125 0.2671875 0.290625
4 0.3328125 0.5859375 0.221875 0.2671875
5 0.8765625 0.4890625 0.246875 0.28125
0 0.58828125 0.6609375 0.2390625 0.2671875
0 0.82890625 0.73828125 0.240625 0.275
4 0.74609375 0.91953125 0.2515625 0.1609375