0 0.1796875 0.1015625 0.25 0.203125
4 0.44296875 0.13046875 0.2296875 0.24375
3 0.6796875 0.15703125 0.2515625 0.246875
0 0.90078125 0.18984375 0.1984375 0.2734375
4 0.14296875 0.31875 0.246875 0.2515625
2 0.3953125 0.37265625 0.246875 0.246875
0 0.64140625 0.40546875 0.265625 0.2765625
2 0.8828125 0.45234375 0.234375 0.2421875
3 0.11796875 0.57578125 0.2359375 0.2578125
3 0.3609375 0.609375 0.2765625 0.275
0 0.60625 0.65625 0.2546875 0.275
3 0.84765625 0.68125 0.2515625 0.25625
2 0.09140625 0.815625 0.1828125 0.2625
0 0.32109375 0.853125 0.2546875 0.26875
5 0.58125 0.88671875 0.26875 0.2265625
2 0.81640625 0.90546875 0.2421875 0.1890625