0 0.11875 0.134375 0.21875 0.21875
4 0.3859375 0.14375 0.1984375 0.215625
3 0.6234375 0.1328125 0.2203125 0.215625
0 0.878125 0.1265625 0.2234375 0.240625
4 0.11875 0.3765625 0.215625 0.2203125
2 0.3765625 0.390625 0.215625 0.215625
0 0.625 0.384375 0.2296875 0.2421875
2 0.871875 0.39375 0.2046875 0.2140625
3 0.121875 0.6375 0.2296875 0.2234375
3 0.3796875 0.6296875 0.2421875 0.240625
0 0.6296875 0.6375 0.21875 0.2453125
3 0.871875 0.625 0.2203125 0.225
2 0.1125 0.88125 0.215625 0.2328125
0 0.378125 0.8765625 0.2203125 0.2375
5 0.64375 0.8859375 0.2359375 0.225
2 0.88125 0.8859375 0.209375 0.228125