3 0.07578125 0.1734375 0.1515625 0.25625
4 0.1859375 0.2125 0.06875 0.13125
5 0.33046875 0.14609375 0.2203125 0.246875
4 0.57578125 0.11953125 0.2296875 0.2390625
2 0.82421875 0.10703125 0.2453125 0.2140625
3 0.1125 0.42578125 0.225 0.2484375
4 0.3578125 0.39453125 0.2390625 0.2671875
4 0.6125 0.36796875 0.19375 0.234375
2 0.85078125 0.334375 0.2203125 0.253125
5 0.13828125 0.6796875 0.21875 0.246875
4 0.3859375 0.64765625 0.2671875 0.25625
2 0.64140625 0.61484375 0.2328125 0.2484375
3 0.88515625 0.58515625 0.228125 0.259375
3 0.16328125 0.89765625 0.2359375 0.2046875
5 0.41796875 0.88515625 0.2203125 0.2296875
2 0.6765625 0.8625 0.240625 0.2609375
2 0.8921875 0.82734375 0.215625 0.2734375