5 0.125 0.128125 0.1796875 0.2359375
5 0.6234375 0.88125 0.178125 0.2359375
4 0.375 0.13125 0.2203125 0.2328125
4 0.625 0.13125 0.178125 0.2203125
4 0.8796875 0.128125 0.2109375 0.2359375
4 0.1421875 0.3734375 0.1796875 0.240625
4 0.3875 0.384375 0.1984375 0.228125
4 0.875 0.384375 0.20625 0.228125
4 0.125 0.884375 0.1703125 0.225
3 0.625 0.378125 0.19375 0.2359375
3 0.3703125 0.625 0.20625 0.2328125
0 0.865625 0.88046875 0.19375 0.2390625
2 0.1234375 0.6265625 0.215625 0.2203125
2 0.6296875 0.628125 0.209375 0.2359375
2 0.875 0.634375 0.2109375 0.209375
2 0.38125 0.884375 0.1796875 0.2296875