5 0.1953125 0.1 0.21875 0.2
5 0.55546875 0.88203125 0.2171875 0.2359375
4 0.440625 0.12421875 0.25625 0.2484375
4 0.6875 0.15859375 0.2140625 0.246875
4 0.90703125 0.19921875 0.1859375 0.2703125
4 0.16953125 0.31328125 0.21875 0.26875
4 0.409375 0.36640625 0.2359375 0.259375
4 0.88359375 0.45078125 0.2328125 0.2609375
4 0.08359375 0.81328125 0.1671875 0.2515625
3 0.64453125 0.4015625 0.23125 0.2671875
3 0.35078125 0.60078125 0.24375 0.2640625
0 0.79296875 0.9015625 0.2328125 0.196875
2 0.115625 0.55859375 0.23125 0.2546875
2 0.60546875 0.6484375 0.246875 0.26875
2 0.84609375 0.69765625 0.2453125 0.2421875
2 0.31640625 0.8578125 0.2171875 0.2578125