5 0.1875 0.10234375 0.215625 0.2046875
5 0.5625 0.8828125 0.2125 0.234375
4 0.434375 0.12421875 0.253125 0.2484375
4 0.68125 0.15546875 0.2109375 0.2453125
4 0.9046875 0.19140625 0.190625 0.2671875
4 0.16640625 0.31875 0.2140625 0.265625
4 0.40703125 0.36796875 0.2328125 0.25625
4 0.884375 0.44453125 0.23125 0.2578125
4 0.08515625 0.82109375 0.1703125 0.2484375
3 0.6421875 0.39921875 0.228125 0.2640625
3 0.35234375 0.603125 0.240625 0.2609375
0 0.8015625 0.89921875 0.228125 0.2015625
2 0.115625 0.56640625 0.23125 0.2515625
2 0.6078125 0.646875 0.24375 0.2671875
2 0.84921875 0.69140625 0.2421875 0.240625
2 0.32265625 0.8609375 0.2140625 0.25625