5 0.13671875 0.11484375 0.1921875 0.2296875
5 0.3859375 0.36640625 0.1859375 0.24375
5 0.63203125 0.390625 0.1953125 0.221875
5 0.88515625 0.38828125 0.2015625 0.24375
5 0.1265625 0.61640625 0.2171875 0.2484375
5 0.6296875 0.628125 0.1875 0.2
4 0.38359375 0.12109375 0.1953125 0.2421875
4 0.64453125 0.1328125 0.1875 0.2296875
4 0.8875 0.13984375 0.1828125 0.225
4 0.1421875 0.365625 0.2171875 0.2390625
4 0.37421875 0.615625 0.221875 0.2453125
4 0.85234375 0.8828125 0.1890625 0.234375
0 0.8703125 0.64921875 0.2171875 0.2328125
0 0.36171875 0.8859375 0.1953125 0.225
0 0.62109375 0.88203125 0.1859375 0.2359375
2 0.11484375 0.87109375 0.1859375 0.2359375