5 0.1234375 0.128125 0.184375 0.225
5 0.38125 0.3703125 0.178125 0.2375
5 0.628125 0.3859375 0.1875 0.215625
5 0.88125 0.375 0.19375 0.2375
5 0.13125 0.6296875 0.209375 0.240625
5 0.634375 0.6234375 0.18125 0.19375
4 0.3703125 0.121875 0.1875 0.24375
4 0.63125 0.128125 0.18125 0.225
4 0.875 0.1265625 0.175 0.21875
4 0.1375 0.378125 0.209375 0.23125
4 0.378125 0.6203125 0.2125 0.2375
4 0.865625 0.878125 0.18125 0.24375
0 0.875 0.6359375 0.209375 0.225
0 0.375 0.890625 0.1875 0.21875
0 0.634375 0.88125 0.178125 0.2375
2 0.128125 0.884375 0.178125 0.23125