5 0.0765625 0.23828125 0.153125 0.2609375
5 0.5953125 0.3484375 0.25625 0.2859375
5 0.1765625 0.71796875 0.2640625 0.2875
2 0.2765625 0.1734375 0.2546875 0.284375
2 0.5234375 0.12109375 0.2125 0.2421875
0 0.76328125 0.08984375 0.2515625 0.1796875
0 0.11171875 0.48359375 0.2234375 0.2734375
0 0.34921875 0.409375 0.25625 0.284375
0 0.83125 0.28203125 0.253125 0.28125
0 0.23203125 0.9125 0.2640625 0.175
0 0.725 0.8390625 0.21875 0.2625
2 0.65625 0.5875 0.240625 0.265625
4 0.4171875 0.65625 0.2421875 0.26875
3 0.88671875 0.51796875 0.2265625 0.2796875
3 0.48359375 0.88203125 0.2453125 0.2359375
3 0.91953125 0.76171875 0.1609375 0.2921875