5 0.125 0.1296875 0.1703125 0.225
5 0.63125 0.378125 0.2015625 0.2421875
5 0.13125 0.6265625 0.209375 0.2421875
2 0.36875 0.1265625 0.1984375 0.240625
2 0.621875 0.1375 0.1625 0.2140625
0 0.871875 0.1296875 0.2015625 0.225
0 0.11875 0.38125 0.1921875 0.2328125
0 0.378125 0.3734375 0.2015625 0.2421875
0 0.8765625 0.375 0.1984375 0.2375
0 0.1203125 0.88125 0.2109375 0.2359375
0 0.6296875 0.8859375 0.165625 0.228125
2 0.628125 0.625 0.1890625 0.225
4 0.3796875 0.6296875 0.1890625 0.228125
3 0.88125 0.621875 0.1984375 0.2359375
3 0.38046875 0.88359375 0.1921875 0.2328125
3 0.8796875 0.8734375 0.1890625 0.2515625