5 0.2328125 0.0875 0.221875 0.175
5 0.65859375 0.41640625 0.25625 0.2859375
5 0.12109375 0.5265625 0.2421875 0.2875
2 0.46953125 0.1234375 0.2546875 0.246875
2 0.71171875 0.18125 0.2125 0.2484375
0 0.9140625 0.2375 0.171875 0.26875
0 0.1625 0.28671875 0.246875 0.2734375
0 0.41484375 0.34609375 0.25625 0.284375
0 0.884375 0.4765625 0.23125 0.28125
0 0.0828125 0.76953125 0.165625 0.2828125
0 0.525 0.8875 0.21875 0.225
2 0.59140625 0.65390625 0.240625 0.265625
4 0.35 0.59375 0.2421875 0.26875
3 0.83671875 0.71640625 0.253125 0.2796875
3 0.28515625 0.83984375 0.2453125 0.275
3 0.76953125 0.90625 0.2484375 0.1875