4 0.09921875 0.18359375 0.1984375 0.2703125
3 0.31171875 0.1484375 0.240625 0.2703125
3 0.57265625 0.12109375 0.2515625 0.2421875
3 0.82109375 0.11015625 0.2609375 0.2203125
2 0.1328125 0.44140625 0.2484375 0.275
5 0.35859375 0.39453125 0.2625 0.2734375
0 0.6140625 0.36015625 0.2390625 0.25
0 0.84921875 0.32890625 0.2421875 0.2578125
0 0.14765625 0.690625 0.23125 0.24375
3 0.38515625 0.65234375 0.2359375 0.2390625
2 0.65234375 0.61484375 0.225 0.240625
3 0.884375 0.56796875 0.23125 0.2453125
4 0.19140625 0.90703125 0.2296875 0.1859375
4 0.42578125 0.88984375 0.2421875 0.2203125
2 0.6796875 0.85625 0.259375 0.2734375
0 0.90390625 0.81484375 0.1921875 0.2703125