3 0.2 0.09453125 0.234375 0.1890625
3 0.45234375 0.11953125 0.2484375 0.2390625
3 0.16171875 0.30859375 0.221875 0.259375
3 0.4 0.3609375 0.2125 0.2484375
3 0.559375 0.8765625 0.23125 0.246875
3 0.79375 0.9015625 0.221875 0.196875
5 0.70078125 0.15703125 0.2234375 0.2671875
5 0.9109375 0.2078125 0.178125 0.253125
5 0.5921875 0.6484375 0.25 0.2609375
4 0.64453125 0.40390625 0.2265625 0.2453125
4 0.0828125 0.80390625 0.165625 0.2640625
0 0.88984375 0.453125 0.16875 0.23125
2 0.109375 0.55234375 0.21875 0.2734375
2 0.353125 0.59921875 0.253125 0.25625
0 0.853125 0.70546875 0.2125 0.2390625
2 0.29765625 0.85390625 0.20625 0.25625