4 0.24921875 0.08671875 0.2890625 0.1734375
3 0.48359375 0.1234375 0.2671875 0.246875
3 0.7390625 0.17734375 0.278125 0.296875
3 0.9140625 0.2625 0.171875 0.30625
2 0.19609375 0.2859375 0.275 0.296875
5 0.41875 0.34296875 0.2890625 0.296875
0 0.6640625 0.42421875 0.2625 0.271875
0 0.87734375 0.49921875 0.2453125 0.2796875
0 0.1125 0.51640625 0.225 0.2640625
3 0.3296875 0.58671875 0.2578125 0.2609375
2 0.58671875 0.6703125 0.246875 0.2609375
3 0.82109375 0.73203125 0.265625 0.26875
4 0.078125 0.7609375 0.15625 0.271875
4 0.25625 0.83203125 0.265625 0.2734375
2 0.50546875 0.875 0.2859375 0.25
0 0.75 0.91328125 0.275 0.1734375