4 0.121875 0.1203125 0.2296875 0.2375
3 0.36875 0.1234375 0.2046875 0.240625
3 0.634375 0.121875 0.215625 0.24375
3 0.8828125 0.134375 0.225 0.2515625
2 0.146875 0.384375 0.2140625 0.2453125
5 0.3765625 0.3734375 0.228125 0.2421875
0 0.634375 0.3796875 0.20625 0.2203125
0 0.871875 0.3859375 0.209375 0.228125
0 0.121875 0.6328125 0.1984375 0.215625
3 0.3625 0.6328125 0.2046875 0.2109375
2 0.6328125 0.6375 0.19375 0.2140625
3 0.875 0.628125 0.2109375 0.215625
4 0.1265625 0.8875 0.1984375 0.2234375
4 0.3640625 0.8890625 0.2109375 0.2203125
2 0.621875 0.8796875 0.225 0.240625
0 0.878125 0.8796875 0.2140625 0.240625