3 0.215625 0.08984375 0.240625 0.1796875
3 0.46640625 0.1203125 0.2546875 0.240625
3 0.16875 0.296875 0.228125 0.2640625
3 0.4046875 0.3578125 0.21875 0.2515625
3 0.54609375 0.87578125 0.2390625 0.2484375
3 0.778125 0.90546875 0.228125 0.1890625
5 0.7125 0.1640625 0.23125 0.271875
5 0.9140625 0.22265625 0.171875 0.2578125
5 0.58671875 0.6515625 0.25625 0.265625
4 0.64765625 0.409375 0.2328125 0.25
4 0.0796875 0.7875 0.159375 0.26875
0 0.890625 0.46640625 0.175 0.234375
2 0.11015625 0.5390625 0.2203125 0.278125
2 0.35 0.59375 0.259375 0.2609375
0 0.84609375 0.71796875 0.2171875 0.24375
2 0.28515625 0.846875 0.2125 0.259375