3 0.128125 0.13125 0.196875 0.2453125
2 0.3828125 0.128125 0.1671875 0.2375
2 0.621875 0.1328125 0.1828125 0.21875
0 0.8734375 0.1296875 0.2203125 0.2296875
0 0.1265625 0.3796875 0.2203125 0.2296875
0 0.3703125 0.3703125 0.19375 0.2203125
3 0.628125 0.38125 0.25 0.246875
4 0.8734375 0.378125 0.20625 0.2203125
4 0.128125 0.6328125 0.209375 0.20625
0 0.378125 0.6296875 0.1984375 0.196875
3 0.6203125 0.628125 0.225 0.2046875
3 0.875 0.625 0.2359375 0.2359375
0 0.1296875 0.88125 0.2203125 0.2234375
2 0.375 0.878125 0.1984375 0.2140625
0 0.63125 0.8859375 0.2359375 0.228125
4 0.8796875 0.8734375 0.240625 0.25