3 0.115625 0.14453125 0.2046875 0.2515625
2 0.36953125 0.1328125 0.175 0.24375
2 0.609375 0.12890625 0.1890625 0.225
0 0.86015625 0.1171875 0.2296875 0.234375
0 0.12265625 0.39296875 0.2296875 0.2359375
0 0.365625 0.375 0.2015625 0.228125
3 0.62421875 0.3765625 0.2578125 0.2546875
4 0.86875 0.36484375 0.2140625 0.2265625
4 0.1328125 0.64609375 0.2171875 0.2140625
0 0.3828125 0.63359375 0.20625 0.203125
3 0.625 0.62421875 0.2328125 0.2125
3 0.878125 0.61171875 0.24375 0.2453125
0 0.1421875 0.8890625 0.228125 0.221875
2 0.38828125 0.88203125 0.20625 0.2203125
0 0.64453125 0.88125 0.2453125 0.2359375
4 0.88359375 0.86015625 0.2328125 0.2578125