5 0.1265625 0.1234375 0.215625 0.21875
0 0.3765625 0.128125 0.2109375 0.2140625
5 0.63125 0.1265625 0.1734375 0.215625
2 0.8765625 0.1296875 0.184375 0.2296875
0 0.125 0.375 0.196875 0.2234375
3 0.371875 0.3734375 0.20625 0.2296875
2 0.6296875 0.378125 0.1875 0.2328125
3 0.884375 0.378125 0.19375 0.20625
4 0.121875 0.6265625 0.1796875 0.2203125
2 0.36875 0.63125 0.1875 0.21875
5 0.628125 0.6328125 0.2046875 0.21875
0 0.878125 0.6375 0.2015625 0.2140625
4 0.11796875 0.88359375 0.1890625 0.2328125
4 0.371875 0.8875 0.1703125 0.2140625
2 0.621875 0.884375 0.175 0.2296875
5 0.8734375 0.88125 0.2109375 0.2359375