3 0.09765625 0.18671875 0.1953125 0.2703125
2 0.33203125 0.1484375 0.1984375 0.2578125
2 0.56953125 0.1203125 0.2109375 0.240625
0 0.81796875 0.1046875 0.2515625 0.209375
0 0.11953125 0.43203125 0.2390625 0.2578125
0 0.35390625 0.38984375 0.221875 0.2453125
3 0.61015625 0.36484375 0.28125 0.2796875
4 0.853125 0.32734375 0.234375 0.246875
4 0.15 0.68359375 0.2359375 0.2328125
0 0.39765625 0.6453125 0.225 0.2234375
3 0.63671875 0.61015625 0.2515625 0.234375
3 0.87734375 0.57109375 0.2453125 0.2671875
0 0.1859375 0.90078125 0.25 0.1984375
2 0.42890625 0.8859375 0.2265625 0.228125
0 0.68359375 0.8640625 0.265625 0.259375
4 0.8953125 0.8171875 0.209375 0.28125