5 0.08203125 0.25625 0.1640625 0.275
0 0.26796875 0.184375 0.265625 0.2671875
5 0.50859375 0.11640625 0.2328125 0.2328125
2 0.74296875 0.084375 0.2453125 0.16875
0 0.11640625 0.49609375 0.2328125 0.2734375
3 0.3390625 0.41953125 0.2671875 0.28125
2 0.5859375 0.34375 0.25 0.278125
3 0.828125 0.265625 0.2484375 0.25625
4 0.1796875 0.7375 0.240625 0.265625
2 0.415625 0.665625 0.2453125 0.265625
5 0.66328125 0.58671875 0.2625 0.271875
0 0.88671875 0.5140625 0.2265625 0.265625
4 0.25546875 0.92109375 0.2515625 0.1578125
4 0.49765625 0.88984375 0.2265625 0.2203125
2 0.734375 0.828125 0.2375 0.2734375
5 0.91796875 0.746875 0.1640625 0.290625