5 0.10390625 0.1640625 0.2078125 0.240625
0 0.33828125 0.14296875 0.23125 0.234375
5 0.59140625 0.115625 0.1953125 0.23125
2 0.83515625 0.1078125 0.2078125 0.215625
0 0.1140625 0.41484375 0.21875 0.24375
3 0.359375 0.3875 0.2296875 0.2484375
2 0.61640625 0.365625 0.2109375 0.25
3 0.86953125 0.33828125 0.2140625 0.225
4 0.1375 0.665625 0.203125 0.2390625
2 0.3828125 0.64453125 0.209375 0.2375
5 0.64140625 0.61875 0.2265625 0.2390625
0 0.88984375 0.59609375 0.2203125 0.2328125
4 0.159375 0.89765625 0.2125 0.2046875
4 0.4125 0.89140625 0.190625 0.2171875
2 0.66171875 0.86953125 0.1984375 0.246875
5 0.896875 0.83984375 0.20625 0.2578125