4 0.2015625 0.1 0.25625 0.2
3 0.47265625 0.12109375 0.2515625 0.2421875
3 0.70390625 0.16640625 0.259375 0.3
3 0.91328125 0.24140625 0.1734375 0.2046875
3 0.16875 0.31328125 0.2546875 0.2578125
2 0.40703125 0.365625 0.21875 0.2625
3 0.6515625 0.4109375 0.2359375 0.2421875
4 0.88984375 0.46953125 0.2203125 0.2671875
0 0.10625 0.54921875 0.2125 0.2640625
3 0.35390625 0.6 0.228125 0.24375
2 0.58984375 0.66328125 0.284375 0.25625
0 0.828125 0.70703125 0.20625 0.2390625
4 0.08046875 0.7921875 0.1609375 0.271875
3 0.29609375 0.84296875 0.246875 0.2796875
4 0.53515625 0.87265625 0.2671875 0.2546875
3 0.79296875 0.90546875 0.2546875 0.1890625