4 0.0859375 0.2421875 0.171875 0.284375
3 0.27421875 0.178125 0.2421875 0.2671875
5 0.51875 0.11796875 0.265625 0.2359375
4 0.753125 0.0875 0.240625 0.175
3 0.11171875 0.47421875 0.2234375 0.2671875
2 0.35234375 0.4203125 0.221875 0.2625
4 0.5921875 0.346875 0.2546875 0.2703125
5 0.828125 0.27265625 0.228125 0.2578125
4 0.171875 0.72109375 0.2421875 0.2671875
0 0.41484375 0.65625 0.221875 0.259375
4 0.6515625 0.58125 0.24375 0.265625
5 0.8859375 0.52421875 0.228125 0.2546875
3 0.24296875 0.91484375 0.2484375 0.1703125
3 0.48671875 0.8828125 0.2609375 0.234375
2 0.73046875 0.83359375 0.2203125 0.2609375
3 0.9203125 0.76015625 0.159375 0.2578125