4 0.10234375 0.1578125 0.2046875 0.259375
3 0.36640625 0.13359375 0.225 0.2375
3 0.603125 0.13046875 0.228125 0.2609375
3 0.8484375 0.13125 0.2015625 0.1828125
3 0.13046875 0.41171875 0.228125 0.2328125
2 0.3734375 0.39609375 0.190625 0.24375
3 0.62109375 0.37265625 0.2109375 0.21875
4 0.87578125 0.3609375 0.209375 0.2453125
0 0.12890625 0.6578125 0.196875 0.24375
3 0.3875 0.6359375 0.203125 0.221875
2 0.63125 0.63203125 0.2609375 0.2265625
0 0.87265625 0.60859375 0.18125 0.2203125
4 0.1453125 0.8890625 0.19375 0.221875
3 0.39765625 0.878125 0.2171875 0.24375
4 0.64140625 0.86640625 0.2359375 0.2640625
3 0.896875 0.85234375 0.20625 0.2546875