4 0.11015625 0.1453125 0.2203125 0.24375
3 0.35234375 0.13515625 0.1984375 0.234375
5 0.60859375 0.1171875 0.225 0.2296875
4 0.84921875 0.1140625 0.2 0.225
3 0.1203125 0.38671875 0.1953125 0.234375
2 0.3734375 0.3890625 0.178125 0.2328125
4 0.625 0.37109375 0.2125 0.234375
5 0.87109375 0.35234375 0.1859375 0.228125
4 0.13046875 0.64140625 0.1984375 0.234375
0 0.38203125 0.6328125 0.1796875 0.2296875
4 0.6296875 0.6140625 0.2015625 0.23125
5 0.8828125 0.61484375 0.2171875 0.215625
3 0.14296875 0.88828125 0.2015625 0.2234375
3 0.39609375 0.8859375 0.2171875 0.228125
2 0.65 0.87734375 0.1765625 0.2328125
3 0.88984375 0.85703125 0.1953125 0.225