4 0.1234375 0.125 0.2203125 0.2328125
3 0.371875 0.128125 0.1875 0.2234375
5 0.628125 0.1234375 0.2140625 0.21875
4 0.86875 0.1328125 0.1890625 0.215625
3 0.1265625 0.3671875 0.184375 0.225
2 0.3796875 0.3828125 0.1671875 0.225
4 0.63125 0.378125 0.2015625 0.2234375
5 0.878125 0.371875 0.1734375 0.21875
4 0.1234375 0.621875 0.1875 0.2234375
0 0.375 0.6265625 0.1671875 0.2203125
4 0.6234375 0.6203125 0.1890625 0.2203125
5 0.8765625 0.634375 0.20625 0.2046875
3 0.1234375 0.88125 0.1890625 0.2359375
3 0.3765625 0.8859375 0.20625 0.228125
2 0.6296875 0.884375 0.165625 0.2234375
3 0.8703125 0.8765625 0.184375 0.215625