4 0.1171875 0.13125 0.2109375 0.2453125
3 0.3921875 0.125 0.209375 0.2234375
3 0.6296875 0.13125 0.2109375 0.2609375
3 0.8734375 0.15625 0.1890625 0.1703125
3 0.1375 0.3859375 0.2140625 0.21875
2 0.38125 0.3875 0.1734375 0.2328125
3 0.6296875 0.38125 0.196875 0.20625
4 0.884375 0.3875 0.1921875 0.2328125
0 0.11875 0.63125 0.1796875 0.2328125
3 0.378125 0.628125 0.1890625 0.209375
2 0.621875 0.640625 0.246875 0.209375
0 0.8640625 0.634375 0.1671875 0.209375
4 0.11875 0.8796875 0.178125 0.240625
3 0.371875 0.878125 0.2 0.24375
4 0.615625 0.875 0.2203125 0.25
3 0.88125 0.8796875 0.209375 0.240625