5 0.08125 0.27265625 0.1625 0.2859375
2 0.265625 0.1890625 0.2546875 0.278125
2 0.49609375 0.1234375 0.2640625 0.246875
5 0.73515625 0.08515625 0.2796875 0.1703125
3 0.1171875 0.5046875 0.234375 0.2875
3 0.340625 0.42578125 0.2546875 0.2796875
2 0.575 0.34375 0.271875 0.2921875
2 0.82734375 0.26015625 0.2375 0.2828125
0 0.18828125 0.75078125 0.20625 0.2421875
0 0.4203125 0.653125 0.25625 0.296875
0 0.65859375 0.5875 0.2390625 0.271875
0 0.8890625 0.5015625 0.221875 0.259375
0 0.26953125 0.91875 0.2546875 0.1625
2 0.4921875 0.87890625 0.25 0.2421875
4 0.7328125 0.8296875 0.2453125 0.271875
3 0.92109375 0.7390625 0.1578125 0.290625