5 0.0890625 0.23125 0.178125 0.275
2 0.29375 0.16953125 0.2390625 0.26875
2 0.5296875 0.12109375 0.25 0.2421875
5 0.775 0.09296875 0.265625 0.1859375
3 0.1140625 0.46953125 0.228125 0.2765625
3 0.34765625 0.4125 0.240625 0.2703125
2 0.58828125 0.35078125 0.2578125 0.2796875
2 0.846875 0.28984375 0.221875 0.2734375
0 0.1671875 0.72265625 0.1921875 0.2359375
0 0.4078125 0.6453125 0.2390625 0.2875
0 0.65078125 0.60078125 0.225 0.2640625
0 0.89140625 0.5359375 0.2171875 0.25
0 0.22734375 0.9109375 0.2390625 0.178125
2 0.4578125 0.8796875 0.234375 0.240625
4 0.703125 0.8484375 0.23125 0.2609375
3 0.91328125 0.77890625 0.1734375 0.2796875