2 0.1203125 0.1296875 0.1984375 0.228125
0 0.375 0.1234375 0.21875 0.2296875
4 0.621875 0.1359375 0.184375 0.228125
3 0.88125 0.1421875 0.2046875 0.21875
2 0.11875 0.384375 0.2109375 0.2296875
4 0.3703125 0.371875 0.215625 0.246875
2 0.6296875 0.3875 0.196875 0.2328125
3 0.884375 0.3796875 0.1890625 0.2421875
3 0.11875 0.6265625 0.2046875 0.246875
3 0.3703125 0.6375 0.2109375 0.25625
2 0.6265625 0.625 0.1890625 0.2515625
5 0.88125 0.61875 0.2046875 0.2296875
4 0.1421875 0.8796875 0.225 0.240625
0 0.384375 0.890625 0.1859375 0.2171875
2 0.61875 0.878125 0.1890625 0.240625
3 0.8765625 0.88125 0.20625 0.2359375