5 0.128125 0.13125 0.2046875 0.2328125
2 0.3796875 0.1296875 0.1890625 0.2296875
2 0.625 0.125 0.1984375 0.2328125
5 0.878125 0.1234375 0.2140625 0.2421875
3 0.1234375 0.375 0.196875 0.2359375
3 0.3734375 0.378125 0.1890625 0.2296875
2 0.621875 0.3765625 0.20625 0.2375
2 0.8875 0.3796875 0.1671875 0.240625
0 0.1234375 0.6359375 0.146875 0.20625
0 0.375 0.61875 0.184375 0.25
0 0.621875 0.634375 0.1734375 0.228125
0 0.871875 0.6296875 0.1703125 0.215625
0 0.125 0.88046875 0.1875 0.2390625
2 0.3625 0.878125 0.1796875 0.24375
4 0.6125 0.8875 0.1828125 0.2234375
3 0.87109375 0.88046875 0.1984375 0.2390625