2 0.1078125 0.14296875 0.20625 0.234375
0 0.36171875 0.128125 0.2265625 0.2359375
4 0.609375 0.13203125 0.1921875 0.234375
3 0.86875 0.12890625 0.2125 0.2265625
2 0.11484375 0.39765625 0.2203125 0.2375
4 0.365625 0.3765625 0.2234375 0.2546875
2 0.62578125 0.3828125 0.2046875 0.2390625
3 0.8796875 0.36640625 0.196875 0.2484375
3 0.1234375 0.63984375 0.2140625 0.253125
3 0.375 0.6421875 0.21875 0.2640625
2 0.63046875 0.6203125 0.1984375 0.2578125
5 0.88515625 0.60546875 0.2140625 0.2375
4 0.15546875 0.88359375 0.2328125 0.2328125
0 0.3984375 0.890625 0.19375 0.21875
2 0.63203125 0.8734375 0.196875 0.246875
3 0.88984375 0.86796875 0.2140625 0.24375