2 0.146875 0.11171875 0.2125 0.2234375
0 0.4015625 0.11875 0.234375 0.2375
4 0.646875 0.1453125 0.2 0.240625
3 0.89765625 0.16953125 0.2046875 0.2328125
2 0.128125 0.3578125 0.2265625 0.2453125
4 0.3796875 0.36328125 0.2328125 0.2609375
2 0.6375 0.396875 0.2125 0.2453125
3 0.8921875 0.40703125 0.2046875 0.2546875
3 0.1109375 0.6 0.221875 0.2609375
3 0.3609375 0.628125 0.228125 0.2703125
2 0.6171875 0.63359375 0.20625 0.2640625
5 0.871875 0.6453125 0.2203125 0.24375
4 0.11796875 0.853125 0.2359375 0.25625
0 0.35703125 0.88125 0.2015625 0.2296875
2 0.59140625 0.87890625 0.2046875 0.2421875
3 0.8484375 0.890625 0.221875 0.21875