3 0.09375 0.2078125 0.1875 0.275
5 0.30703125 0.15546875 0.228125 0.2625
5 0.54921875 0.12265625 0.2265625 0.2453125
5 0.80390625 0.1 0.2171875 0.2
0 0.11640625 0.45625 0.2328125 0.25625
2 0.35234375 0.4046875 0.221875 0.271875
3 0.5984375 0.36796875 0.2640625 0.2671875
3 0.8515625 0.3125 0.265625 0.2796875
2 0.15625 0.69765625 0.2625 0.2640625
3 0.4015625 0.63984375 0.2421875 0.246875
5 0.65 0.6 0.2609375 0.275
0 0.890625 0.53984375 0.21875 0.2671875
4 0.20546875 0.90234375 0.2515625 0.1953125
0 0.43984375 0.8859375 0.2296875 0.228125
3 0.690625 0.8484375 0.2359375 0.2765625
3 0.90546875 0.815625 0.1890625 0.25