3 0.1234375 0.1265625 0.1875 0.225
0 0.371875 0.1296875 0.2140625 0.2296875
5 0.6359375 0.128125 0.14375 0.2296875
0 0.871875 0.1296875 0.175 0.228125
4 0.134375 0.3765625 0.1796875 0.2375
3 0.365625 0.38125 0.2140625 0.215625
0 0.625 0.3765625 0.21875 0.2421875
0 0.871875 0.375 0.196875 0.2359375
3 0.1171875 0.6265625 0.184375 0.225
5 0.3640625 0.621875 0.19375 0.2328125
4 0.621875 0.628125 0.2234375 0.2359375
0 0.875 0.63125 0.2046875 0.225
5 0.11875 0.875 0.1796875 0.2484375
3 0.3734375 0.8859375 0.228125 0.228125
0 0.6328125 0.8734375 0.19375 0.2515625
0 0.87109375 0.88046875 0.1921875 0.2390625