3 0.121875 0.1296875 0.21875 0.2375
5 0.3765625 0.125 0.1875 0.2296875
5 0.621875 0.1359375 0.1875 0.2203125
5 0.88125 0.134375 0.175 0.2359375
0 0.125 0.3828125 0.209375 0.2203125
2 0.3734375 0.378125 0.1796875 0.2421875
3 0.621875 0.3890625 0.225 0.228125
3 0.88125 0.3828125 0.2234375 0.240625
2 0.125 0.628125 0.2234375 0.225
3 0.3765625 0.61875 0.20625 0.2109375
5 0.628125 0.6265625 0.2203125 0.2375
0 0.89375 0.6171875 0.2125 0.23125
4 0.1265625 0.8796875 0.209375 0.240625
0 0.3640625 0.884375 0.1890625 0.2296875
3 0.6203125 0.878125 0.19375 0.24375
3 0.871875 0.89375 0.2203125 0.2125