3 0.16953125 0.10859375 0.2453125 0.2171875
5 0.42265625 0.11875 0.2140625 0.2375
5 0.665625 0.153125 0.2125 0.2421875
5 0.91015625 0.1828125 0.1796875 0.25625
0 0.1421875 0.33828125 0.234375 0.2453125
2 0.3890625 0.36328125 0.2078125 0.2625
3 0.634375 0.4046875 0.2515625 0.253125
3 0.88359375 0.4296875 0.2328125 0.265625
2 0.11875 0.58125 0.2375 0.25
3 0.36328125 0.603125 0.23125 0.2359375
5 0.61171875 0.64140625 0.246875 0.2625
0 0.8765625 0.6640625 0.2390625 0.2546875
4 0.10078125 0.83046875 0.2015625 0.2640625
0 0.31796875 0.86484375 0.2171875 0.2515625
3 0.5734375 0.878125 0.221875 0.24375
3 0.8203125 0.90859375 0.24375 0.1828125