3 0.08125 0.22890625 0.1625 0.2640625
0 0.2859375 0.171875 0.2625 0.2734375
5 0.54140625 0.1171875 0.1953125 0.234375
0 0.7703125 0.09140625 0.225 0.1828125
4 0.115625 0.46796875 0.23125 0.2734375
3 0.340625 0.4171875 0.259375 0.2609375
0 0.59140625 0.35 0.2703125 0.2875
0 0.83046875 0.2890625 0.2484375 0.2765625
3 0.159375 0.715625 0.2328125 0.2625
5 0.39765625 0.65078125 0.24375 0.271875
4 0.64921875 0.59453125 0.275 0.284375
0 0.884375 0.5359375 0.23125 0.26875
5 0.22109375 0.90625 0.2359375 0.1875
3 0.46953125 0.88359375 0.2765625 0.2328125
0 0.71953125 0.83046875 0.2484375 0.2921875
0 0.91484375 0.7796875 0.1703125 0.278125