3 0.08984375 0.18984375 0.1796875 0.2515625
0 0.315625 0.15390625 0.246875 0.259375
5 0.575 0.11796875 0.178125 0.2359375
0 0.80859375 0.10078125 0.2078125 0.2015625
4 0.11953125 0.43515625 0.215625 0.2625
3 0.3484375 0.40390625 0.24375 0.246875
0 0.60390625 0.35859375 0.253125 0.271875
0 0.84765625 0.31875 0.23125 0.2640625
3 0.14140625 0.68515625 0.2171875 0.2515625
5 0.38515625 0.64140625 0.228125 0.259375
4 0.640625 0.6078125 0.2578125 0.26875
0 0.8859375 0.57109375 0.228125 0.2546875
5 0.18203125 0.89609375 0.2171875 0.2078125
3 0.43515625 0.88515625 0.2609375 0.2296875
0 0.68984375 0.8484375 0.23125 0.2796875
0 0.90625 0.8171875 0.1875 0.265625