2 0.2265625 0.09296875 0.278125 0.1859375
0 0.46484375 0.12578125 0.2390625 0.2515625
3 0.7125 0.171875 0.28125 0.29375
2 0.91015625 0.240625 0.1796875 0.275
2 0.17109375 0.27734375 0.2609375 0.2828125
0 0.40859375 0.35234375 0.2296875 0.2578125
0 0.65625 0.41875 0.25625 0.265625
4 0.87109375 0.48359375 0.2578125 0.2734375
5 0.121875 0.5328125 0.24375 0.290625
0 0.34140625 0.596875 0.2734375 0.2703125
4 0.58984375 0.66640625 0.2390625 0.2578125
4 0.82265625 0.73203125 0.2609375 0.24375
4 0.08046875 0.77734375 0.1609375 0.2640625
3 0.275 0.8390625 0.2671875 0.2734375
3 0.53515625 0.88515625 0.2765625 0.2296875
0 0.76328125 0.91171875 0.2359375 0.1765625