2 0.11875 0.13125 0.225 0.2328125
0 0.3640625 0.128125 0.1796875 0.2546875
3 0.6203125 0.128125 0.225 0.2453125
2 0.865625 0.134375 0.1984375 0.2328125
2 0.125 0.3703125 0.20625 0.2375
0 0.3734375 0.38125 0.1796875 0.21875
0 0.6296875 0.38125 0.20625 0.2203125
4 0.8703125 0.384375 0.240625 0.21875
5 0.1265625 0.634375 0.225 0.240625
0 0.371875 0.634375 0.2234375 0.2203125
4 0.6296875 0.6375 0.1890625 0.215625
4 0.871875 0.640625 0.21875 0.19375
4 0.13125 0.8859375 0.1828125 0.225
3 0.3703125 0.8859375 0.215625 0.225
3 0.640625 0.8859375 0.225 0.228125
0 0.875 0.8796875 0.1796875 0.240625