2 0.1875 0.1015625 0.2625 0.203125
0 0.43046875 0.12578125 0.2203125 0.2515625
3 0.6828125 0.1546875 0.2640625 0.2796875
2 0.90234375 0.203125 0.1953125 0.2625
2 0.153125 0.30703125 0.24375 0.2703125
0 0.39609375 0.3609375 0.2140625 0.246875
0 0.6484375 0.40546875 0.240625 0.2515625
4 0.8734375 0.45078125 0.253125 0.2578125
5 0.1203125 0.56640625 0.240625 0.2765625
0 0.35078125 0.61015625 0.259375 0.2546875
4 0.60390625 0.6578125 0.225 0.2453125
4 0.8421875 0.703125 0.2484375 0.228125
4 0.0890625 0.815625 0.178125 0.253125
3 0.30546875 0.8578125 0.2515625 0.259375
3 0.57109375 0.8859375 0.2609375 0.228125
0 0.803125 0.90234375 0.21875 0.1953125