3 0.234375 0.0875 0.25 0.175
4 0.47578125 0.12265625 0.2609375 0.2453125
3 0.71640625 0.17578125 0.2359375 0.265625
5 0.91796875 0.23828125 0.1640625 0.2640625
5 0.16796875 0.28515625 0.2015625 0.2734375
5 0.4109375 0.3484375 0.24375 0.28125
3 0.65234375 0.41328125 0.240625 0.2703125
2 0.896875 0.47890625 0.203125 0.259375
0 0.11015625 0.528125 0.2203125 0.259375
0 0.34609375 0.58671875 0.296875 0.303125
5 0.5921875 0.65703125 0.2515625 0.275
4 0.8390625 0.70859375 0.2484375 0.2546875
4 0.08359375 0.7671875 0.1671875 0.2875
5 0.2796875 0.834375 0.23125 0.278125
2 0.51328125 0.875 0.2609375 0.25
3 0.7578125 0.9078125 0.253125 0.184375