3 0.125 0.128125 0.2015625 0.2203125
4 0.378125 0.134375 0.2140625 0.2140625
3 0.625 0.13125 0.184375 0.225
5 0.875 0.1296875 0.19375 0.2203125
5 0.1234375 0.378125 0.14375 0.2453125
5 0.375 0.3765625 0.1890625 0.2421875
3 0.625 0.3765625 0.1875 0.2296875
2 0.878125 0.3765625 0.1484375 0.228125
0 0.11875 0.63125 0.196875 0.215625
0 0.3734375 0.6234375 0.240625 0.25
5 0.6296875 0.628125 0.1984375 0.2328125
4 0.88125 0.6140625 0.2015625 0.2109375
4 0.1171875 0.8796875 0.215625 0.240625
5 0.3734375 0.8796875 0.175 0.240625
2 0.615625 0.878125 0.2046875 0.24375
3 0.86875 0.87734375 0.196875 0.2453125