3 0.09921875 0.16953125 0.1984375 0.2390625
4 0.340625 0.14921875 0.234375 0.234375
3 0.5859375 0.12109375 0.20625 0.2421875
5 0.834375 0.10625 0.215625 0.2125
5 0.1125 0.41796875 0.16875 0.2578125
5 0.3625 0.390625 0.2125 0.259375
3 0.61171875 0.3640625 0.2109375 0.246875
2 0.86328125 0.3375 0.171875 0.2421875
0 0.134375 0.6703125 0.21875 0.234375
0 0.38671875 0.6359375 0.265625 0.2734375
5 0.6421875 0.6140625 0.2203125 0.2515625
4 0.88984375 0.57265625 0.2203125 0.2296875
4 0.15859375 0.89296875 0.2390625 0.2140625
5 0.41328125 0.88046875 0.1984375 0.2390625
2 0.6546875 0.8640625 0.2296875 0.2640625
3 0.89765625 0.83671875 0.2046875 0.2640625