3 0.10625 0.1203125 0.2046875 0.228125
4 0.3796875 0.128125 0.21875 0.2421875
3 0.621875 0.125 0.2140625 0.2359375
4 0.8859375 0.128125 0.225 0.2328125
2 0.115625 0.38125 0.215625 0.2328125
0 0.3796875 0.3875 0.228125 0.2328125
3 0.6234375 0.38125 0.2203125 0.2359375
3 0.8765625 0.378125 0.175 0.2546875
0 0.1171875 0.621875 0.215625 0.2359375
4 0.3734375 0.625 0.1984375 0.2109375
4 0.621875 0.625 0.2328125 0.2046875
4 0.871875 0.634375 0.2046875 0.2109375
3 0.1203125 0.8859375 0.215625 0.228125
3 0.365625 0.8890625 0.1734375 0.2203125
3 0.6265625 0.896875 0.228125 0.2046875
0 0.8875 0.890625 0.2234375 0.2171875