3 0.13359375 0.10703125 0.2203125 0.2140625
4 0.40546875 0.12421875 0.2359375 0.2484375
3 0.64765625 0.134375 0.2296875 0.2515625
4 0.8953125 0.15625 0.209375 0.246875
2 0.125 0.3546875 0.23125 0.246875
0 0.3875 0.3796875 0.24375 0.246875
3 0.63125 0.38984375 0.2375 0.2515625
3 0.884375 0.4046875 0.1921875 0.2671875
0 0.1125 0.59453125 0.225 0.2515625
4 0.36484375 0.615625 0.2125 0.225
4 0.6125 0.6328125 0.2453125 0.221875
4 0.86171875 0.66015625 0.2203125 0.225
3 0.1046875 0.85859375 0.209375 0.2421875
3 0.3390625 0.87890625 0.1890625 0.2328125
3 0.59765625 0.896875 0.2421875 0.20625
0 0.85859375 0.9 0.2390625 0.2