3 0.11953125 0.1125 0.2140625 0.225
4 0.39296875 0.12421875 0.2265625 0.2484375
3 0.63515625 0.1296875 0.221875 0.24375
4 0.890625 0.14140625 0.21875 0.2390625
2 0.1203125 0.36796875 0.2234375 0.2390625
0 0.38359375 0.38359375 0.2359375 0.240625
3 0.62734375 0.3859375 0.2296875 0.24375
3 0.88046875 0.39140625 0.184375 0.2609375
0 0.11328125 0.60859375 0.2234375 0.24375
4 0.36953125 0.6203125 0.2046875 0.21875
4 0.6171875 0.62890625 0.2390625 0.2140625
4 0.8671875 0.64765625 0.2125 0.21875
3 0.109375 0.87265625 0.21875 0.2359375
3 0.35234375 0.884375 0.18125 0.2265625
3 0.61171875 0.896875 0.2359375 0.20625
0 0.8734375 0.8953125 0.23125 0.209375