5 0.1375 0.134375 0.20625 0.2328125
3 0.378125 0.125 0.2046875 0.2328125
5 0.621875 0.115625 0.1890625 0.2015625
0 0.8921875 0.1265625 0.146875 0.225
4 0.125 0.38125 0.2015625 0.228125
5 0.3703125 0.3828125 0.1671875 0.2203125
4 0.621875 0.375 0.1796875 0.240625
2 0.871875 0.3765625 0.1984375 0.2375
4 0.125 0.625 0.1828125 0.2203125
2 0.36875 0.6265625 0.13125 0.21875
0 0.621875 0.621875 0.2015625 0.2296875
3 0.8703125 0.634375 0.153125 0.2140625
2 0.1296875 0.875 0.196875 0.25
5 0.38125 0.88359375 0.184375 0.2328125
4 0.6359375 0.8796875 0.153125 0.215625
0 0.878125 0.88125 0.1828125 0.2359375