5 0.1125 0.1609375 0.221875 0.2453125
3 0.35234375 0.134375 0.221875 0.2453125
5 0.59453125 0.1078125 0.2015625 0.2140625
0 0.8640625 0.10859375 0.1625 0.2171875
4 0.11796875 0.4078125 0.215625 0.2421875
5 0.3625 0.3921875 0.18125 0.2328125
4 0.6125 0.3671875 0.196875 0.253125
2 0.8625 0.35078125 0.215625 0.2515625
4 0.134375 0.65078125 0.196875 0.23125
2 0.378125 0.63515625 0.146875 0.228125
0 0.63046875 0.61328125 0.215625 0.24375
3 0.87890625 0.60859375 0.1671875 0.2234375
2 0.15703125 0.884375 0.2140625 0.23125
5 0.4078125 0.88359375 0.2 0.2328125
4 0.66171875 0.86953125 0.1671875 0.225
0 0.90234375 0.85390625 0.1953125 0.2484375