5 0.15078125 0.121875 0.2140625 0.2390625
3 0.39140625 0.12109375 0.2140625 0.2390625
5 0.63515625 0.1203125 0.1953125 0.2078125
0 0.9046875 0.140625 0.1546875 0.2296875
4 0.1296875 0.36796875 0.209375 0.234375
5 0.37421875 0.378125 0.1734375 0.2265625
4 0.62578125 0.3796875 0.1890625 0.246875
2 0.87578125 0.38984375 0.2078125 0.24375
4 0.12109375 0.61171875 0.1890625 0.225
2 0.3640625 0.621875 0.1390625 0.2234375
0 0.6171875 0.62578125 0.209375 0.2375
3 0.865625 0.646875 0.1609375 0.21875
2 0.1171875 0.86171875 0.20625 0.25625
5 0.36796875 0.87890625 0.1921875 0.2390625
4 0.62265625 0.884375 0.1609375 0.2203125
0 0.8640625 0.88671875 0.190625 0.2265625