5 0.1265625 0.134375 0.15625 0.21875
5 0.128125 0.3796875 0.20625 0.228125
5 0.878125 0.3828125 0.196875 0.240625
5 0.1265625 0.6265625 0.1875 0.246875
5 0.61875 0.6265625 0.178125 0.228125
5 0.13125 0.878125 0.19375 0.24375
5 0.375 0.8859375 0.153125 0.228125
4 0.3765625 0.1234375 0.196875 0.246875
4 0.6203125 0.1296875 0.190625 0.228125
3 0.878125 0.11875 0.1875 0.2375
3 0.3734375 0.3796875 0.228125 0.21875
3 0.63125 0.89375 0.16875 0.2125
0 0.625 0.378125 0.2 0.240625
0 0.86875 0.878125 0.18125 0.24375
2 0.3890625 0.6265625 0.178125 0.225
2 0.878125 0.6265625 0.178125 0.209375