5 0.14609375 0.115625 0.1671875 0.228125
5 0.13515625 0.36015625 0.2171875 0.2390625
5 0.88359375 0.403125 0.209375 0.2515625
5 0.1203125 0.60703125 0.2 0.25625
5 0.61171875 0.6328125 0.190625 0.2375
5 0.11171875 0.85859375 0.2046875 0.253125
5 0.3546875 0.87890625 0.165625 0.2359375
4 0.3953125 0.12265625 0.209375 0.2453125
4 0.63984375 0.13671875 0.2015625 0.2375
3 0.89765625 0.1390625 0.2 0.246875
3 0.3796875 0.3734375 0.2390625 0.2296875
3 0.609375 0.89453125 0.178125 0.2109375
0 0.63125 0.38515625 0.2125 0.2515625
0 0.8484375 0.88515625 0.19375 0.2296875
2 0.3828125 0.6203125 0.1890625 0.234375
2 0.87109375 0.64609375 0.1890625 0.21875