4 0.1234375 0.1234375 0.2375 0.2296875
4 0.3703125 0.125 0.215625 0.25
2 0.6234375 0.1140625 0.21875 0.228125
3 0.8734375 0.1234375 0.2203125 0.2296875
4 0.1125 0.3765625 0.2015625 0.25
0 0.3765625 0.3796875 0.225 0.2421875
4 0.625 0.375 0.228125 0.2328125
3 0.87734375 0.375 0.2453125 0.2375
3 0.1265625 0.634375 0.215625 0.240625
3 0.8734375 0.6296875 0.2109375 0.209375
3 0.1234375 0.8609375 0.2203125 0.2296875
3 0.3671875 0.88125 0.1890625 0.2359375
2 0.3734375 0.625 0.2296875 0.2234375
0 0.625 0.6296875 0.2109375 0.2109375
0 0.621875 0.88125 0.2046875 0.20625
4 0.871875 0.8640625 0.2046875 0.21875