4 0.1140625 0.14375 0.228125 0.240625
4 0.35078125 0.13203125 0.228125 0.2609375
2 0.60234375 0.11328125 0.2296875 0.2265625
3 0.85234375 0.1125 0.2328125 0.225
4 0.10625 0.39609375 0.2125 0.2609375
0 0.3703125 0.3859375 0.2375 0.253125
4 0.61796875 0.36875 0.240625 0.24375
3 0.8703125 0.35546875 0.2578125 0.25
3 0.134375 0.65390625 0.228125 0.2515625
3 0.8796875 0.61015625 0.2203125 0.2203125
3 0.14296875 0.8796875 0.2328125 0.240625
3 0.38671875 0.88203125 0.2015625 0.2359375
2 0.38046875 0.63125 0.240625 0.2359375
0 0.63125 0.62265625 0.221875 0.2203125
0 0.64140625 0.87421875 0.215625 0.2171875
4 0.890625 0.84375 0.2171875 0.2296875