0 0.146875 0.11484375 0.2125 0.2296875
2 0.39609375 0.1171875 0.1953125 0.234375
3 0.64609375 0.13359375 0.2046875 0.234375
3 0.9 0.15625 0.2 0.228125
2 0.128125 0.36640625 0.1953125 0.225
0 0.38359375 0.3671875 0.1859375 0.2296875
0 0.6296875 0.390625 0.2015625 0.234375
2 0.88671875 0.40625 0.1859375 0.234375
4 0.1203125 0.61171875 0.2359375 0.2359375
5 0.371875 0.61875 0.2078125 0.2296875
5 0.61171875 0.6375 0.2171875 0.2359375
0 0.86953125 0.64453125 0.2015625 0.246875
3 0.1046875 0.853125 0.1875 0.2609375
2 0.35859375 0.87421875 0.1859375 0.234375
2 0.5984375 0.878125 0.23125 0.24375
2 0.84765625 0.88515625 0.2109375 0.2296875