0 0.128125 0.1296875 0.2015625 0.228125
2 0.3765625 0.121875 0.184375 0.228125
3 0.6265625 0.1265625 0.19375 0.225
3 0.884375 0.1359375 0.1921875 0.21875
2 0.121875 0.3859375 0.184375 0.215625
0 0.3765625 0.3734375 0.175 0.2203125
0 0.6234375 0.384375 0.1890625 0.2234375
2 0.88125 0.3859375 0.1734375 0.225
4 0.1265625 0.63125 0.225 0.2234375
5 0.378125 0.625 0.196875 0.2203125
5 0.61875 0.63125 0.2046875 0.225
0 0.8765625 0.625 0.1890625 0.2375
3 0.1234375 0.8734375 0.175 0.2515625
2 0.378125 0.88125 0.175 0.225
2 0.61875 0.878125 0.21875 0.24375
2 0.86875 0.878125 0.1984375 0.24375