0 0.2046875 0.0984375 0.240625 0.196875
2 0.45 0.1171875 0.225 0.234375
3 0.6953125 0.1578125 0.2328125 0.2578125
3 0.915625 0.21484375 0.16875 0.2515625
2 0.15078125 0.315625 0.221875 0.246875
0 0.403125 0.35234375 0.2140625 0.25
0 0.64296875 0.41015625 0.2296875 0.25625
2 0.89453125 0.46015625 0.2109375 0.2546875
4 0.1203125 0.5578125 0.240625 0.2625
5 0.35625 0.59921875 0.234375 0.253125
5 0.59140625 0.6515625 0.2453125 0.259375
0 0.84609375 0.69453125 0.23125 0.26875
3 0.084375 0.79375 0.16875 0.28125
2 0.3078125 0.85078125 0.2140625 0.2546875
2 0.54453125 0.8765625 0.2609375 0.246875
2 0.78984375 0.9015625 0.2421875 0.196875