4 0.1640625 0.10625 0.259375 0.2125
4 0.409375 0.12421875 0.240625 0.2484375
2 0.66328125 0.12890625 0.240625 0.25
3 0.89453125 0.1640625 0.2109375 0.25
4 0.12734375 0.33671875 0.2265625 0.2703125
0 0.38984375 0.3671875 0.2484375 0.2640625
4 0.6375 0.3890625 0.2515625 0.2546875
3 0.8765625 0.4140625 0.246875 0.2625
3 0.1171875 0.59375 0.234375 0.2625
3 0.8578125 0.66796875 0.23125 0.2296875
3 0.1046875 0.81875 0.209375 0.25
3 0.328125 0.865625 0.2140625 0.2546875
2 0.3609375 0.6109375 0.2515625 0.246875
0 0.6109375 0.6421875 0.2328125 0.23125
0 0.58046875 0.8890625 0.2265625 0.221875
4 0.83203125 0.890625 0.2265625 0.21875