2 0.0796875 0.27578125 0.159375 0.3078125
2 0.253125 0.190625 0.3109375 0.3125
5 0.4875 0.13046875 0.309375 0.2609375
0 0.72890625 0.08671875 0.3078125 0.1734375
4 0.1234375 0.50703125 0.246875 0.3015625
2 0.340625 0.4265625 0.3046875 0.3078125
3 0.5765625 0.3453125 0.303125 0.3
0 0.81328125 0.2515625 0.290625 0.284375
3 0.18828125 0.75 0.303125 0.3046875
0 0.42421875 0.64765625 0.2828125 0.2671875
4 0.6609375 0.5765625 0.2921875 0.3
0 0.8796875 0.490625 0.240625 0.278125
0 0.2734375 0.92109375 0.29375 0.1578125
3 0.51953125 0.87734375 0.2921875 0.2453125
5 0.75390625 0.81796875 0.2703125 0.28125
3 0.921875 0.73125 0.15625 0.29375