2 0.23359375 0.0890625 0.2890625 0.178125
2 0.48125 0.12734375 0.3 0.2546875
5 0.721875 0.175 0.2984375 0.2984375
0 0.909375 0.2453125 0.18125 0.296875
4 0.17265625 0.27109375 0.284375 0.290625
2 0.4140625 0.346875 0.29375 0.296875
3 0.653125 0.4203125 0.2921875 0.2890625
0 0.8796875 0.48203125 0.240625 0.2734375
3 0.12421875 0.51875 0.2484375 0.29375
0 0.3515625 0.57421875 0.275 0.25625
4 0.58515625 0.65625 0.28125 0.290625
0 0.8296875 0.728125 0.271875 0.26875
0 0.08515625 0.76328125 0.1703125 0.2859375
3 0.2796875 0.83671875 0.2828125 0.2828125
5 0.51796875 0.88515625 0.2609375 0.2296875
3 0.76171875 0.9171875 0.2859375 0.165625