2 0.08203125 0.21328125 0.1640625 0.2515625
2 0.303125 0.16015625 0.228125 0.2734375
5 0.55 0.12421875 0.240625 0.2484375
2 0.7921875 0.096875 0.26875 0.19375
5 0.1046875 0.46171875 0.209375 0.2546875
0 0.34453125 0.41484375 0.215625 0.23125
3 0.59375 0.35546875 0.25 0.2546875
3 0.8390625 0.30625 0.2140625 0.2453125
4 0.16171875 0.7109375 0.2390625 0.2515625
5 0.409375 0.66015625 0.2296875 0.253125
3 0.65234375 0.59375 0.2359375 0.275
3 0.8765625 0.54375 0.246875 0.290625
5 0.2171875 0.9 0.253125 0.2
0 0.4515625 0.87890625 0.2375 0.2421875
0 0.70625 0.84609375 0.2328125 0.2703125
2 0.90859375 0.790625 0.1828125 0.284375