2 0.225 0.0875 0.221875 0.175
2 0.471875 0.1234375 0.234375 0.246875
5 0.7109375 0.18203125 0.246875 0.2578125
2 0.909375 0.23046875 0.18125 0.2796875
5 0.15078125 0.2875 0.240625 0.259375
0 0.39765625 0.35546875 0.2203125 0.2359375
3 0.64765625 0.4109375 0.2546875 0.259375
3 0.88984375 0.475 0.2203125 0.2484375
4 0.1125 0.54140625 0.225 0.2578125
5 0.3484375 0.60390625 0.2359375 0.2578125
3 0.59609375 0.65078125 0.2421875 0.2796875
3 0.83125 0.709375 0.278125 0.296875
5 0.090625 0.77421875 0.18125 0.2921875
0 0.2828125 0.83515625 0.24375 0.2828125
0 0.53359375 0.88203125 0.2390625 0.2359375
2 0.77421875 0.90625 0.2671875 0.1875