2 0.115625 0.121875 0.2296875 0.2421875
2 0.3734375 0.125 0.2421875 0.2453125
5 0.6234375 0.1265625 0.240625 0.2421875
0 0.8796875 0.1265625 0.240625 0.240625
4 0.121875 0.3703125 0.228125 0.2375
2 0.375 0.3765625 0.2359375 0.2421875
3 0.625 0.38125 0.2375 0.2328125
0 0.8796875 0.3734375 0.2296875 0.21875
3 0.121875 0.628125 0.2359375 0.2375
0 0.378125 0.6125 0.228125 0.2015625
4 0.625 0.6265625 0.2234375 0.2375
0 0.8796875 0.628125 0.2203125 0.215625
0 0.1203125 0.88359375 0.228125 0.2328125
3 0.38125 0.884375 0.228125 0.228125
5 0.6296875 0.8859375 0.20625 0.225
3 0.88359375 0.8859375 0.2328125 0.228125