2 0.125 0.128125 0.1734375 0.2203125
2 0.378125 0.1265625 0.1828125 0.2421875
5 0.628125 0.140625 0.2015625 0.215625
2 0.878125 0.128125 0.225 0.2328125
5 0.109375 0.378125 0.1921875 0.2203125
0 0.365625 0.384375 0.178125 0.1984375
3 0.621875 0.378125 0.209375 0.215625
3 0.871875 0.38125 0.1734375 0.2140625
4 0.125 0.6359375 0.1984375 0.215625
5 0.378125 0.6375 0.1890625 0.21875
3 0.6296875 0.6234375 0.1890625 0.240625
3 0.871875 0.6234375 0.2234375 0.25
5 0.13125 0.875 0.2046875 0.2484375
0 0.3703125 0.878125 0.190625 0.24375
0 0.6296875 0.88125 0.1875 0.2359375
2 0.87734375 0.87734375 0.2140625 0.2453125