0 0.2171875 0.09375 0.246875 0.1875
5 0.4546875 0.11953125 0.23125 0.2390625
0 0.7046875 0.1703125 0.2375 0.253125
3 0.9203125 0.225 0.159375 0.246875
3 0.15703125 0.290625 0.2375 0.259375
0 0.40703125 0.36171875 0.25 0.2609375
3 0.65390625 0.4171875 0.221875 0.2421875
5 0.89140625 0.47421875 0.2171875 0.2609375
2 0.10859375 0.53359375 0.2171875 0.2609375
4 0.35 0.6 0.23125 0.2671875
5 0.5984375 0.64921875 0.2125 0.2609375
2 0.8421875 0.70703125 0.25 0.2609375
3 0.0890625 0.78515625 0.178125 0.2796875
0 0.29453125 0.8484375 0.2140625 0.25625
0 0.53515625 0.8796875 0.2578125 0.240625
3 0.77421875 0.90078125 0.2453125 0.1984375