3 0.2125 0.0984375 0.246875 0.196875
3 0.45859375 0.12734375 0.2578125 0.2546875
4 0.7046875 0.1609375 0.2734375 0.2703125
2 0.9234375 0.21796875 0.153125 0.2671875
0 0.16015625 0.296875 0.28125 0.2734375
4 0.40859375 0.35546875 0.2515625 0.26875
4 0.64296875 0.4078125 0.240625 0.26875
4 0.88046875 0.459375 0.2390625 0.2625
4 0.1265625 0.5375 0.253125 0.296875
4 0.35625 0.58828125 0.2640625 0.2640625
3 0.6046875 0.65234375 0.2375 0.2515625
4 0.8296875 0.7109375 0.2453125 0.2640625
2 0.08515625 0.78515625 0.1703125 0.2796875
3 0.28046875 0.8390625 0.2421875 0.278125
5 0.54140625 0.88515625 0.2609375 0.2296875
0 0.77734375 0.90703125 0.2421875 0.1859375