3 0.08125 0.26640625 0.1625 0.2734375
3 0.271875 0.1875 0.2703125 0.2875
4 0.5078125 0.121875 0.284375 0.24375
2 0.76015625 0.08125 0.2421875 0.1625
0 0.125 0.49375 0.25 0.284375
4 0.3484375 0.4203125 0.2640625 0.2796875
4 0.578125 0.3484375 0.253125 0.2765625
4 0.815625 0.27109375 0.265625 0.271875
4 0.18125 0.728125 0.3 0.309375
4 0.41953125 0.6484375 0.275 0.275
3 0.66640625 0.5796875 0.246875 0.2609375
4 0.88125 0.51796875 0.2375 0.2734375
2 0.24921875 0.9140625 0.2609375 0.171875
3 0.47890625 0.8796875 0.2546875 0.240625
5 0.73828125 0.83046875 0.2734375 0.28125
0 0.91953125 0.753125 0.1609375 0.2875