0 0.234375 0.08984375 0.253125 0.1796875
5 0.4671875 0.1203125 0.2375 0.240625
0 0.715625 0.17734375 0.2421875 0.2578125
3 0.92265625 0.240625 0.1546875 0.25
3 0.16484375 0.27890625 0.24375 0.2640625
0 0.41171875 0.35859375 0.25625 0.2671875
3 0.65703125 0.42265625 0.228125 0.2453125
5 0.88984375 0.48828125 0.2203125 0.2640625
2 0.109375 0.5203125 0.21875 0.265625
4 0.346875 0.59453125 0.2375 0.271875
5 0.59296875 0.653125 0.21875 0.2640625
2 0.834375 0.71875 0.25625 0.265625
3 0.0859375 0.7703125 0.171875 0.284375
0 0.28203125 0.84140625 0.2203125 0.2609375
0 0.52109375 0.8796875 0.2640625 0.240625
3 0.759375 0.9046875 0.253125 0.190625