3 0.121875 0.140625 0.2015625 0.225
3 0.3734375 0.134375 0.2109375 0.2359375
4 0.6234375 0.1234375 0.228125 0.225
2 0.8875 0.121875 0.1828125 0.2328125
0 0.1234375 0.378125 0.2375 0.225
4 0.378125 0.3796875 0.2046875 0.2296875
4 0.61875 0.378125 0.19375 0.2296875
4 0.86875 0.3734375 0.209375 0.2203125
4 0.128125 0.625 0.2359375 0.2515625
4 0.3796875 0.61875 0.2203125 0.2203125
3 0.6359375 0.625 0.19375 0.2140625
4 0.86875 0.63125 0.1984375 0.225
2 0.121875 0.8796875 0.1984375 0.240625
3 0.3625 0.8796875 0.1921875 0.240625
5 0.63125 0.8859375 0.215625 0.228125
0 0.8734375 0.8796875 0.19375 0.240625