4 0.07734375 0.2453125 0.1546875 0.278125
4 0.26171875 0.17109375 0.26875 0.2828125
4 0.5140625 0.121875 0.25 0.24375
2 0.75234375 0.08203125 0.2546875 0.1640625
2 0.11640625 0.49921875 0.2328125 0.2703125
2 0.34140625 0.42421875 0.253125 0.278125
3 0.58515625 0.34609375 0.246875 0.2609375
4 0.8296875 0.26875 0.24375 0.2765625
0 0.18125 0.725 0.246875 0.2765625
3 0.415625 0.65625 0.2359375 0.278125
3 0.65625 0.584375 0.2515625 0.271875
4 0.8796875 0.509375 0.240625 0.284375
0 0.25 0.9125 0.271875 0.175
4 0.49140625 0.875 0.2640625 0.25
3 0.73359375 0.82578125 0.246875 0.2734375
4 0.91796875 0.7453125 0.1640625 0.275