4 0.13125 0.121875 0.175 0.2359375
4 0.36796875 0.115625 0.2109375 0.23125
4 0.6265625 0.1328125 0.19375 0.21875
2 0.878125 0.125 0.1984375 0.2203125
2 0.125 0.384375 0.19375 0.2234375
2 0.3703125 0.38125 0.19375 0.2328125
3 0.6265625 0.378125 0.19375 0.2140625
4 0.8828125 0.375 0.184375 0.2328125
0 0.1296875 0.621875 0.1875 0.2328125
3 0.3734375 0.625 0.175 0.2359375
3 0.625 0.6265625 0.19375 0.225
4 0.875 0.625 0.2109375 0.2328125
0 0.1234375 0.878125 0.209375 0.24375
4 0.378125 0.871875 0.2046875 0.2296875
3 0.628125 0.8796875 0.1875 0.2296875
4 0.875 0.871875 0.2046875 0.2234375