4 0.1953125 0.09921875 0.209375 0.1984375
4 0.4296875 0.11484375 0.24375 0.2296875
4 0.6828125 0.15703125 0.225 0.246875
2 0.9078125 0.18828125 0.184375 0.2484375
2 0.14765625 0.32734375 0.2265625 0.2515625
2 0.390625 0.3625 0.228125 0.259375
3 0.64375 0.39921875 0.225 0.240625
4 0.89375 0.43671875 0.2125 0.2578125
0 0.11484375 0.5625 0.221875 0.2578125
3 0.35546875 0.60390625 0.209375 0.2609375
3 0.60390625 0.64453125 0.2265625 0.253125
4 0.85078125 0.68203125 0.2453125 0.2625
0 0.0953125 0.81484375 0.190625 0.2734375
4 0.32109375 0.8484375 0.2390625 0.259375
3 0.56640625 0.88359375 0.2203125 0.2328125
4 0.8125 0.89921875 0.2375 0.2015625