0 0.1109375 0.16171875 0.221875 0.2609375
3 0.3375 0.13125 0.196875 0.2203125
4 0.5875 0.121875 0.228125 0.2421875
5 0.84140625 0.1078125 0.2296875 0.215625
4 0.11875 0.4109375 0.2375 0.25
2 0.3640625 0.39609375 0.2375 0.246875
5 0.62421875 0.378125 0.225 0.2453125
5 0.86484375 0.34921875 0.2125 0.23125
0 0.14609375 0.6671875 0.234375 0.2421875
3 0.4015625 0.646875 0.228125 0.2328125
3 0.63359375 0.6296875 0.2 0.234375
0 0.88125 0.6 0.2375 0.246875
5 0.153125 0.89140625 0.23125 0.2171875
3 0.41171875 0.8859375 0.2203125 0.228125
3 0.66328125 0.87109375 0.2203125 0.25
5 0.8921875 0.8515625 0.215625 0.246875