0 0.125 0.128125 0.2359375 0.240625
3 0.3703125 0.11875 0.1796875 0.2046875
4 0.6203125 0.13125 0.209375 0.2234375
5 0.875 0.1359375 0.2140625 0.20625
4 0.121875 0.378125 0.2328125 0.2296875
2 0.3734375 0.384375 0.21875 0.228125
5 0.634375 0.3890625 0.2046875 0.2296875
5 0.8765625 0.38125 0.19375 0.215625
0 0.1328125 0.6359375 0.215625 0.225
3 0.3890625 0.6375 0.209375 0.215625
3 0.621875 0.640625 0.1828125 0.21875
0 0.878125 0.634375 0.2328125 0.228125
5 0.11875 0.8796875 0.2109375 0.240625
3 0.378125 0.8859375 0.2015625 0.228125
3 0.63046875 0.88359375 0.2015625 0.2328125
5 0.8765625 0.8859375 0.2296875 0.228125