0 0.11484375 0.1484375 0.2296875 0.253125
3 0.35078125 0.12578125 0.1890625 0.2140625
4 0.60078125 0.12578125 0.2203125 0.234375
5 0.85546875 0.1171875 0.2234375 0.2171875
4 0.11875 0.39765625 0.2375 0.2421875
2 0.3671875 0.39140625 0.2296875 0.2390625
5 0.628125 0.38203125 0.2171875 0.2390625
5 0.86953125 0.36171875 0.2046875 0.225
0 0.140625 0.6546875 0.2265625 0.2359375
3 0.39609375 0.64296875 0.2203125 0.2265625
3 0.62890625 0.634375 0.19375 0.228125
0 0.88125 0.6140625 0.2375 0.240625
5 0.13828125 0.88671875 0.2234375 0.2265625
3 0.3984375 0.8859375 0.2125 0.228125
3 0.65 0.8765625 0.2140625 0.24375
5 0.8875 0.86484375 0.225 0.2390625