5 0.128125 0.128125 0.215625 0.2296875
5 0.3796875 0.1265625 0.1984375 0.1984375
2 0.6296875 0.125 0.1984375 0.2328125
5 0.8796875 0.1328125 0.1578125 0.21875
0 0.1125 0.3765625 0.225 0.2375
5 0.371875 0.3734375 0.2109375 0.225
3 0.6265625 0.3796875 0.2296875 0.2375
5 0.8765625 0.3765625 0.1890625 0.228125
0 0.1109375 0.6234375 0.1875 0.2203125
5 0.3671875 0.63125 0.1890625 0.228125
3 0.625 0.6265625 0.1890625 0.2203125
2 0.871875 0.6390625 0.1796875 0.228125
2 0.125 0.878125 0.2046875 0.24375
3 0.378125 0.878125 0.1734375 0.2234375
4 0.6328125 0.884375 0.184375 0.2140625
2 0.8765625 0.88359375 0.184375 0.2328125