5 0.26953125 0.08515625 0.2796875 0.1703125
5 0.50703125 0.11640625 0.2515625 0.2328125
2 0.74453125 0.1875 0.2625 0.284375
5 0.93359375 0.27578125 0.1328125 0.2578125
0 0.1734375 0.25703125 0.290625 0.2984375
5 0.4203125 0.33828125 0.2734375 0.28125
3 0.65859375 0.42734375 0.29375 0.2984375
5 0.884375 0.50625 0.23125 0.278125
0 0.10859375 0.48984375 0.2171875 0.2703125
5 0.33203125 0.58125 0.253125 0.278125
3 0.57734375 0.66015625 0.25 0.2703125
2 0.80625 0.75234375 0.2453125 0.275
2 0.0796875 0.734375 0.159375 0.296875
3 0.26171875 0.81796875 0.2375 0.26875
4 0.5 0.88828125 0.24375 0.2234375
2 0.73125 0.92265625 0.25 0.1546875