5 0.09921875 0.18984375 0.1984375 0.2609375
5 0.32265625 0.15 0.2265625 0.2265625
2 0.56875 0.11953125 0.23125 0.2390625
5 0.8171875 0.09921875 0.190625 0.1984375
0 0.11328125 0.43828125 0.2265625 0.2703125
5 0.35390625 0.3953125 0.24375 0.2546875
3 0.60625 0.36171875 0.2625 0.2703125
5 0.85234375 0.31953125 0.2234375 0.2546875
0 0.13515625 0.6828125 0.2203125 0.2484375
5 0.3890625 0.65078125 0.2234375 0.2546875
3 0.64296875 0.60546875 0.2203125 0.2484375
2 0.8890625 0.57890625 0.2140625 0.253125
2 0.1890625 0.89765625 0.240625 0.2046875
3 0.43828125 0.88359375 0.2078125 0.2328125
4 0.69140625 0.85859375 0.215625 0.2390625
2 0.9109375 0.8203125 0.178125 0.259375