3 0.1453125 0.13125 0.165625 0.2203125
2 0.3796875 0.13125 0.1890625 0.2328125
0 0.61875 0.125 0.19375 0.2015625
4 0.8734375 0.134375 0.196875 0.228125
0 0.128125 0.378125 0.2046875 0.2328125
2 0.3828125 0.384375 0.1671875 0.2109375
4 0.6265625 0.3796875 0.165625 0.2296875
0 0.8875 0.378125 0.1421875 0.2328125
2 0.13125 0.625 0.1796875 0.2453125
3 0.3734375 0.63125 0.196875 0.2359375
5 0.6171875 0.63125 0.215625 0.2234375
2 0.875 0.625 0.19375 0.2375
3 0.125 0.8796875 0.2203125 0.240625
5 0.371875 0.8859375 0.1828125 0.228125
2 0.6265625 0.875 0.1625 0.2484375
0 0.8703125 0.88125 0.215625 0.2359375