3 0.171875 0.1109375 0.18125 0.221875
2 0.40546875 0.1234375 0.20625 0.2453125
0 0.64453125 0.134375 0.2078125 0.2140625
4 0.8953125 0.1609375 0.209375 0.240625
0 0.1375 0.35234375 0.221875 0.2453125
2 0.39140625 0.3765625 0.18125 0.2234375
4 0.634375 0.3890625 0.18125 0.240625
0 0.8953125 0.40546875 0.159375 0.2421875
2 0.1234375 0.59921875 0.196875 0.25625
3 0.36484375 0.621875 0.2125 0.25
5 0.6078125 0.6390625 0.23125 0.2390625
2 0.865625 0.65078125 0.209375 0.25
3 0.10859375 0.85234375 0.2171875 0.2546875
5 0.3453125 0.87578125 0.196875 0.240625
2 0.59921875 0.8765625 0.1796875 0.246875
0 0.8421875 0.88984375 0.23125 0.2203125