3 0.09140625 0.2046875 0.1828125 0.246875
2 0.31171875 0.1609375 0.23125 0.2640625
0 0.5453125 0.11328125 0.228125 0.2265625
4 0.796875 0.1 0.2375 0.2
0 0.1171875 0.45078125 0.234375 0.2671875
2 0.36328125 0.40859375 0.203125 0.2390625
4 0.6015625 0.3578125 0.20625 0.25625
0 0.85703125 0.30625 0.184375 0.2546875
2 0.16171875 0.69296875 0.2234375 0.275
3 0.40078125 0.653125 0.2390625 0.2703125
5 0.63984375 0.60625 0.2546875 0.2609375
2 0.88671875 0.55078125 0.2265625 0.2703125
3 0.20390625 0.90234375 0.2609375 0.1953125
5 0.446875 0.88671875 0.221875 0.2265625
2 0.69609375 0.84375 0.2078125 0.275
0 0.90390625 0.80390625 0.1921875 0.2734375