4 0.09921875 0.17265625 0.1984375 0.2390625
3 0.3359375 0.146875 0.209375 0.24375
0 0.58671875 0.13125 0.209375 0.234375
2 0.81796875 0.103125 0.2265625 0.20625
2 0.1171875 0.41796875 0.2234375 0.2515625
2 0.35703125 0.3921875 0.240625 0.240625
3 0.609375 0.375 0.228125 0.2484375
0 0.85 0.334375 0.2203125 0.2125
3 0.140625 0.66953125 0.2390625 0.2328125
3 0.39140625 0.6484375 0.246875 0.24375
3 0.8984375 0.83984375 0.203125 0.2359375
2 0.63828125 0.6203125 0.2328125 0.240625
5 0.8859375 0.6 0.228125 0.253125
4 0.165625 0.9015625 0.259375 0.196875
5 0.41640625 0.88125 0.2203125 0.2375
2 0.66484375 0.86953125 0.246875 0.253125