0 0.0765625 0.240625 0.153125 0.2625
2 0.2796875 0.17265625 0.225 0.25625
0 0.5234375 0.12109375 0.240625 0.2421875
4 0.77265625 0.08515625 0.2234375 0.1703125
2 0.11328125 0.471875 0.2265625 0.275
2 0.3484375 0.4125 0.246875 0.271875
0 0.5859375 0.35078125 0.234375 0.2640625
4 0.83359375 0.2828125 0.240625 0.265625
3 0.16796875 0.721875 0.240625 0.271875
3 0.4171875 0.6546875 0.271875 0.2859375
5 0.64765625 0.59140625 0.2453125 0.2671875
0 0.89375 0.52421875 0.2125 0.2609375
4 0.23515625 0.91875 0.2421875 0.1625
2 0.47421875 0.88125 0.2296875 0.2375
0 0.71171875 0.83125 0.275 0.296875
0 0.9171875 0.77265625 0.165625 0.2765625