4 0.165625 0.10625 0.221875 0.2125
3 0.4125 0.12109375 0.209375 0.2421875
0 0.66171875 0.15703125 0.209375 0.234375
2 0.89140625 0.16796875 0.2171875 0.2265625
2 0.14296875 0.33984375 0.2234375 0.2515625
2 0.38203125 0.36484375 0.240625 0.240625
3 0.6328125 0.40078125 0.228125 0.2484375
0 0.87734375 0.4109375 0.2203125 0.2125
3 0.11640625 0.59140625 0.2328125 0.2328125
3 0.36328125 0.62265625 0.246875 0.24375
3 0.8328125 0.9 0.23125 0.2
2 0.61015625 0.646875 0.2328125 0.240625
5 0.86171875 0.6796875 0.2359375 0.253125
4 0.10703125 0.84765625 0.2140625 0.2453125
5 0.3375 0.865625 0.2203125 0.2578125
2 0.584375 0.884375 0.246875 0.23125