0 0.06953125 0.2828125 0.1390625 0.271875
2 0.2515625 0.19296875 0.2390625 0.265625
0 0.4890625 0.12265625 0.253125 0.2453125
4 0.73203125 0.0765625 0.2359375 0.153125
2 0.115625 0.50625 0.23125 0.284375
2 0.34140625 0.4265625 0.2609375 0.28125
0 0.57265625 0.34375 0.2484375 0.2734375
4 0.81328125 0.2546875 0.253125 0.2765625
3 0.18828125 0.75 0.2546875 0.28125
3 0.43046875 0.66171875 0.2859375 0.296875
5 0.6546875 0.578125 0.2578125 0.278125
0 0.88984375 0.4890625 0.2203125 0.26875
4 0.27734375 0.9265625 0.2546875 0.146875
2 0.50859375 0.8796875 0.2453125 0.240625
0 0.73984375 0.81171875 0.290625 0.309375
0 0.92421875 0.73046875 0.1515625 0.2859375