4 0.125 0.13125 0.2015625 0.2203125
3 0.3734375 0.13125 0.1875 0.225
0 0.625 0.1421875 0.1875 0.215625
2 0.859375 0.128125 0.2046875 0.20625
2 0.128125 0.378125 0.2015625 0.2328125
2 0.36875 0.378125 0.2203125 0.21875
3 0.621875 0.3875 0.2046875 0.228125
0 0.865625 0.371875 0.2015625 0.1921875
3 0.125 0.63125 0.21875 0.2109375
3 0.3765625 0.6359375 0.225 0.2203125
3 0.875 0.88125 0.209375 0.215625
2 0.625 0.634375 0.2109375 0.2203125
5 0.878125 0.640625 0.2140625 0.2328125
4 0.1234375 0.8890625 0.2375 0.2203125
5 0.3765625 0.88046875 0.196875 0.2390625
2 0.625 0.884375 0.2234375 0.2296875