0 0.1171875 0.1296875 0.1875 0.2203125
2 0.371875 0.1265625 0.175 0.21875
0 0.6234375 0.13125 0.1890625 0.21875
4 0.88125 0.13125 0.1734375 0.2140625
2 0.1296875 0.371875 0.1796875 0.2359375
2 0.3765625 0.3765625 0.19375 0.2296875
0 0.621875 0.378125 0.1828125 0.2234375
4 0.878125 0.3765625 0.1890625 0.225
3 0.121875 0.628125 0.1875 0.2296875
3 0.3796875 0.628125 0.21875 0.2359375
5 0.61875 0.6265625 0.1921875 0.225
0 0.8765625 0.6265625 0.1671875 0.225
4 0.125 0.8796875 0.19375 0.2109375
2 0.37109375 0.88046875 0.1734375 0.2390625
0 0.61875 0.875 0.2171875 0.2484375
0 0.8703125 0.88125 0.1875 0.2359375