2 0.203125 0.0984375 0.234375 0.196875
3 0.4453125 0.11875 0.240625 0.2375
0 0.66796875 0.16171875 0.178125 0.234375
4 0.909375 0.2 0.18125 0.259375
5 0.14921875 0.3125 0.21875 0.24375
5 0.3921875 0.35703125 0.2546875 0.259375
4 0.64453125 0.4 0.2296875 0.2546875
2 0.884375 0.44296875 0.23125 0.2609375
2 0.1125 0.55703125 0.2203125 0.26875
0 0.35234375 0.59921875 0.2140625 0.2484375
5 0.6015625 0.6515625 0.2328125 0.25625
0 0.84375 0.69375 0.2375 0.25625
3 0.08046875 0.8140625 0.1609375 0.246875
4 0.30078125 0.85546875 0.2171875 0.234375
0 0.55546875 0.8875 0.2140625 0.225
2 0.80390625 0.90078125 0.2265625 0.1984375