2 0.2578125 0.08671875 0.25625 0.1734375
3 0.4921875 0.121875 0.259375 0.24375
0 0.7078125 0.184375 0.1984375 0.2453125
4 0.9203125 0.2546875 0.159375 0.275
5 0.17421875 0.27109375 0.2390625 0.259375
5 0.41015625 0.3453125 0.275 0.278125
4 0.65546875 0.41875 0.2515625 0.271875
2 0.88046875 0.490625 0.2390625 0.278125
2 0.11484375 0.50859375 0.2296875 0.2828125
0 0.34140625 0.58046875 0.234375 0.2640625
5 0.5828125 0.6625 0.2546875 0.2734375
0 0.8171875 0.734375 0.2578125 0.2734375
3 0.06796875 0.75859375 0.1359375 0.2578125
4 0.259375 0.828125 0.2359375 0.25
0 0.50703125 0.8859375 0.2359375 0.228125
2 0.7484375 0.91328125 0.25 0.1734375