2 0.1328125 0.125 0.196875 0.2296875
3 0.3796875 0.13125 0.20625 0.2140625
0 0.60625 0.1375 0.1421875 0.2140625
4 0.875 0.1296875 0.1921875 0.2296875
5 0.121875 0.3765625 0.184375 0.215625
5 0.36875 0.378125 0.21875 0.2234375
4 0.625 0.3765625 0.19375 0.225
2 0.871875 0.3765625 0.2015625 0.2296875
2 0.128125 0.6234375 0.1828125 0.240625
0 0.371875 0.6234375 0.178125 0.2203125
5 0.6265625 0.63125 0.196875 0.225
0 0.871875 0.63125 0.2015625 0.225
3 0.1296875 0.884375 0.146875 0.225
4 0.365625 0.884375 0.184375 0.2046875
0 0.625 0.8859375 0.178125 0.225
2 0.875 0.878125 0.1859375 0.24375