3 0.0890625 0.20546875 0.178125 0.2484375
3 0.32734375 0.1515625 0.2125 0.2640625
3 0.55390625 0.12109375 0.2328125 0.2421875
2 0.80625 0.09609375 0.228125 0.1921875
2 0.115625 0.44609375 0.23125 0.2421875
4 0.35546875 0.409375 0.209375 0.2421875
4 0.603125 0.3484375 0.2453125 0.2578125
3 0.85 0.31796875 0.228125 0.2421875
0 0.14296875 0.68828125 0.209375 0.2484375
2 0.4046875 0.659375 0.209375 0.240625
0 0.65234375 0.60625 0.2125 0.2296875
0 0.8890625 0.5625 0.221875 0.240625
2 0.19140625 0.90390625 0.2234375 0.1921875
5 0.4390625 0.88359375 0.24375 0.2328125
3 0.67578125 0.865625 0.209375 0.2453125
5 0.909375 0.80859375 0.18125 0.2703125