5 0.08828125 0.21796875 0.1765625 0.2671875
3 0.30546875 0.17734375 0.2671875 0.2703125
0 0.55 0.12421875 0.25625 0.2484375
5 0.78671875 0.0984375 0.2515625 0.196875
4 0.1109375 0.47109375 0.221875 0.2640625
5 0.35625 0.4109375 0.259375 0.28125
0 0.59375 0.36171875 0.259375 0.2703125
0 0.84453125 0.30234375 0.2625 0.271875
5 0.16015625 0.7046875 0.2546875 0.2578125
4 0.40234375 0.6546875 0.278125 0.26875
5 0.64453125 0.5953125 0.2859375 0.275
0 0.884375 0.546875 0.23125 0.26875
5 0.2234375 0.90625 0.25625 0.1875
2 0.45390625 0.87890625 0.2609375 0.2421875
4 0.6984375 0.83984375 0.2875 0.2953125
3 0.9015625 0.78828125 0.196875 0.2890625