5 0.0859375 0.2265625 0.171875 0.26875
3 0.29921875 0.18046875 0.2703125 0.2734375
0 0.5421875 0.12421875 0.259375 0.2484375
5 0.77890625 0.096875 0.2546875 0.19375
4 0.11171875 0.4765625 0.2234375 0.265625
5 0.3546875 0.41328125 0.2625 0.2828125
0 0.59140625 0.36015625 0.2625 0.2734375
0 0.84140625 0.29609375 0.265625 0.275
5 0.1640625 0.7109375 0.25625 0.2609375
4 0.4046875 0.65703125 0.28125 0.271875
5 0.646875 0.59296875 0.2875 0.278125
0 0.884375 0.540625 0.23125 0.271875
5 0.23125 0.9078125 0.259375 0.184375
2 0.46015625 0.878125 0.2640625 0.24375
4 0.70390625 0.8359375 0.290625 0.2984375
3 0.903125 0.78046875 0.19375 0.2921875