5 0.11875 0.13125 0.209375 0.228125
3 0.3765625 0.14375 0.225 0.228125
0 0.628125 0.1375 0.215625 0.2203125
5 0.871875 0.128125 0.2046875 0.240625
4 0.11875 0.3890625 0.19375 0.228125
5 0.378125 0.3828125 0.2140625 0.2421875
0 0.6203125 0.384375 0.215625 0.2296875
0 0.878125 0.378125 0.21875 0.2328125
5 0.125 0.6296875 0.2140625 0.21875
4 0.371875 0.63125 0.2359375 0.225
5 0.621875 0.6234375 0.2421875 0.2296875
0 0.8796875 0.6296875 0.215625 0.2296875
5 0.1375 0.8796875 0.2140625 0.2296875
2 0.371875 0.8796875 0.215625 0.240625
4 0.6234375 0.8734375 0.240625 0.25
3 0.878125 0.875 0.24375 0.2421875