3 0.1234375 0.134375 0.1890625 0.2203125
3 0.390625 0.1265625 0.1734375 0.2375
3 0.6203125 0.1328125 0.1984375 0.21875
2 0.8765625 0.13125 0.19375 0.2140625
2 0.1265625 0.3796875 0.20625 0.2109375
4 0.3734375 0.3859375 0.175 0.215625
4 0.628125 0.36875 0.209375 0.225
3 0.8765625 0.38125 0.19375 0.2109375
0 0.115625 0.6234375 0.1734375 0.2203125
2 0.378125 0.640625 0.1734375 0.2140625
0 0.63125 0.63125 0.1796875 0.2015625
0 0.8765625 0.6296875 0.1984375 0.2109375
2 0.1203125 0.88125 0.184375 0.2359375
5 0.3703125 0.88359375 0.20625 0.2328125
3 0.609375 0.890625 0.1734375 0.21875
5 0.8671875 0.878125 0.178125 0.24375