3 0.0796875 0.25234375 0.159375 0.2640625
3 0.2921875 0.17109375 0.2328125 0.2765625
3 0.5140625 0.12265625 0.25 0.2453125
2 0.76015625 0.08515625 0.2453125 0.1703125
2 0.11796875 0.4875 0.2359375 0.259375
4 0.346875 0.425 0.228125 0.25625
4 0.58671875 0.33828125 0.2640625 0.2734375
3 0.82890625 0.28203125 0.2453125 0.25625
0 0.16484375 0.72421875 0.228125 0.2609375
2 0.421875 0.66875 0.2265625 0.253125
0 0.6625 0.58984375 0.228125 0.2421875
0 0.88671875 0.5203125 0.2265625 0.25625
2 0.23984375 0.915625 0.2421875 0.16875
5 0.48125 0.88203125 0.2625 0.2359375
3 0.7125 0.8453125 0.228125 0.2578125
5 0.91875 0.76171875 0.1625 0.2828125