3 0.084375 0.18515625 0.16875 0.2421875
4 0.32265625 0.14765625 0.228125 0.253125
0 0.571875 0.12421875 0.20625 0.234375
3 0.82578125 0.10390625 0.2234375 0.2078125
5 0.11796875 0.43203125 0.2234375 0.253125
3 0.34921875 0.4015625 0.2046875 0.25
4 0.60234375 0.3640625 0.228125 0.2546875
4 0.8578125 0.3265625 0.2359375 0.2625
5 0.14453125 0.675 0.25 0.26875
4 0.37890625 0.63828125 0.209375 0.259375
2 0.64609375 0.61796875 0.259375 0.2484375
5 0.88984375 0.571875 0.2203125 0.25
5 0.1734375 0.90625 0.203125 0.1875
5 0.42265625 0.875 0.2421875 0.25
4 0.67109375 0.865625 0.2296875 0.253125
2 0.91171875 0.821875 0.1765625 0.265625