3 0.07421875 0.2328125 0.1484375 0.25625
4 0.28671875 0.16796875 0.246875 0.26875
0 0.53203125 0.12109375 0.2234375 0.2421875
3 0.78046875 0.0921875 0.2421875 0.184375
5 0.1171875 0.471875 0.234375 0.26875
3 0.3390625 0.41796875 0.225 0.2640625
4 0.5875 0.35390625 0.246875 0.2703125
4 0.8375 0.290625 0.25625 0.2796875
5 0.16484375 0.7109375 0.2703125 0.2875
4 0.39453125 0.65 0.2296875 0.2734375
2 0.6578125 0.60234375 0.2765625 0.26875
5 0.8875 0.53125 0.225 0.265625
5 0.21953125 0.91796875 0.2234375 0.1640625
5 0.46484375 0.87421875 0.2640625 0.2515625
4 0.70859375 0.84609375 0.2484375 0.2703125
2 0.921875 0.775 0.15625 0.278125