4 0.2359375 0.09140625 0.2375 0.1828125
5 0.47109375 0.11640625 0.1953125 0.2328125
4 0.715625 0.171875 0.246875 0.2703125
3 0.925 0.234375 0.15 0.25
4 0.1640625 0.290625 0.2484375 0.2734375
0 0.403125 0.36015625 0.228125 0.2515625
4 0.65 0.41015625 0.2671875 0.2859375
0 0.8765625 0.471875 0.246875 0.2875
0 0.11171875 0.53125 0.2234375 0.265625
0 0.34140625 0.59921875 0.265625 0.259375
4 0.590625 0.653125 0.2515625 0.2625
2 0.8359375 0.721875 0.253125 0.2625
3 0.08515625 0.77265625 0.1703125 0.2890625
5 0.28203125 0.84375 0.246875 0.26875
4 0.51875 0.88125 0.2625 0.2375
2 0.775 0.9125 0.234375 0.175