4 0.08671875 0.23828125 0.1734375 0.2609375
5 0.28359375 0.16796875 0.1984375 0.2578125
4 0.5296875 0.121875 0.25 0.24375
3 0.76875 0.08671875 0.209375 0.1734375
4 0.11484375 0.4796875 0.2296875 0.275
0 0.346875 0.42421875 0.23125 0.253125
4 0.5875 0.3484375 0.2703125 0.2875
0 0.82734375 0.2859375 0.278125 0.290625
0 0.1671875 0.7203125 0.2453125 0.2671875
0 0.409375 0.66328125 0.26875 0.2625
4 0.653125 0.58984375 0.2546875 0.2640625
2 0.88671875 0.53125 0.2265625 0.265625
3 0.23671875 0.90625 0.2515625 0.1875
5 0.47578125 0.88515625 0.2484375 0.2296875
4 0.7109375 0.84140625 0.265625 0.278125
2 0.92265625 0.7703125 0.1546875 0.275