4 0.1359375 0.13125 0.1890625 0.21875
5 0.3765625 0.1234375 0.14375 0.2296875
4 0.6296875 0.1296875 0.1984375 0.2296875
3 0.8765625 0.1328125 0.1578125 0.21875
4 0.1234375 0.378125 0.1984375 0.2328125
0 0.371875 0.3875 0.1828125 0.2140625
4 0.6234375 0.3765625 0.215625 0.240625
0 0.871875 0.378125 0.2234375 0.240625
0 0.121875 0.6265625 0.1921875 0.225
0 0.3703125 0.634375 0.2203125 0.2109375
4 0.625 0.6265625 0.2046875 0.21875
2 0.8796875 0.634375 0.20625 0.2203125
3 0.1265625 0.875 0.19375 0.2484375
5 0.371875 0.8859375 0.196875 0.228125
4 0.615625 0.884375 0.2140625 0.2296875
2 0.878125 0.88125 0.1828125 0.2359375