3 0.121875 0.1171875 0.228125 0.2234375
4 0.378125 0.1421875 0.203125 0.2328125
2 0.6265625 0.1203125 0.2203125 0.2390625
5 0.8640625 0.1234375 0.2078125 0.228125
0 0.128125 0.378125 0.2421875 0.24375
4 0.3796875 0.3796875 0.234375 0.2296875
5 0.61875 0.3890625 0.203125 0.225
4 0.86875 0.3796875 0.225 0.2296875
0 0.1328125 0.625 0.2296875 0.228125
5 0.3640625 0.63125 0.2078125 0.2234375
5 0.63125 0.634375 0.203125 0.225
0 0.871875 0.63125 0.2203125 0.225
3 0.1203125 0.8796875 0.2109375 0.2390625
2 0.3859375 0.88125 0.225 0.2375
0 0.6375 0.878125 0.225 0.24375
3 0.8671875 0.884375 0.20625 0.2296875