0 0.1 0.190625 0.2 0.26875
2 0.3140625 0.1546875 0.240625 0.2671875
2 0.5625 0.11953125 0.21875 0.2390625
4 0.80546875 0.1046875 0.2546875 0.209375
5 0.11015625 0.440625 0.2203125 0.259375
0 0.36015625 0.396875 0.2453125 0.25625
2 0.6078125 0.3609375 0.2421875 0.2578125
5 0.8546875 0.321875 0.215625 0.2546875
3 0.14765625 0.68203125 0.253125 0.271875
3 0.396875 0.64609375 0.240625 0.2703125
2 0.63671875 0.6140625 0.1859375 0.246875
2 0.8890625 0.56796875 0.2140625 0.265625
5 0.20078125 0.90703125 0.1984375 0.1859375
3 0.43515625 0.88984375 0.2296875 0.2203125
4 0.68046875 0.8609375 0.209375 0.2546875
5 0.9015625 0.815625 0.196875 0.271875