0 0.128125 0.128125 0.2203125 0.2359375
2 0.3703125 0.1296875 0.20625 0.2375
2 0.6234375 0.125 0.184375 0.2328125
4 0.86875 0.1265625 0.2203125 0.240625
5 0.1234375 0.38125 0.1890625 0.2328125
0 0.378125 0.3765625 0.2140625 0.225
2 0.628125 0.3796875 0.209375 0.228125
5 0.878125 0.3796875 0.1828125 0.2296875
3 0.1234375 0.625 0.21875 0.240625
3 0.375 0.628125 0.2046875 0.240625
2 0.6171875 0.634375 0.153125 0.225
2 0.8734375 0.628125 0.178125 0.240625
5 0.1359375 0.8859375 0.165625 0.225
3 0.3734375 0.8890625 0.196875 0.2203125
4 0.621875 0.884375 0.175 0.2296875
5 0.8640625 0.87734375 0.19375 0.2453125