0 0.10625 0.16796875 0.2125 0.2578125
2 0.33203125 0.1453125 0.2296875 0.2578125
2 0.58359375 0.11953125 0.2078125 0.2390625
4 0.8265625 0.11015625 0.24375 0.2203125
5 0.11328125 0.42109375 0.2125 0.25
0 0.365625 0.38984375 0.2359375 0.2453125
2 0.61484375 0.3671875 0.2328125 0.2484375
5 0.86328125 0.340625 0.2046875 0.246875
3 0.13828125 0.6640625 0.2421875 0.2625
3 0.3890625 0.640625 0.2296875 0.2609375
2 0.63046875 0.62109375 0.1765625 0.2390625
2 0.88515625 0.58828125 0.2015625 0.2578125
5 0.178125 0.90078125 0.1875 0.1984375
3 0.4140625 0.88984375 0.21875 0.2203125
4 0.66171875 0.86953125 0.1984375 0.246875
5 0.89609375 0.83671875 0.2078125 0.2640625