3 0.20078125 0.09140625 0.2671875 0.1828125
4 0.4484375 0.1296875 0.24375 0.259375
2 0.696875 0.1515625 0.2625 0.278125
5 0.90234375 0.19921875 0.1953125 0.2640625
0 0.15859375 0.309375 0.284375 0.2859375
4 0.4046875 0.35859375 0.2734375 0.26875
5 0.6375 0.4140625 0.2421875 0.259375
4 0.8765625 0.45234375 0.246875 0.2671875
0 0.125 0.55234375 0.25 0.2671875
5 0.34140625 0.603125 0.246875 0.259375
5 0.603125 0.65703125 0.2421875 0.259375
0 0.83984375 0.7 0.2578125 0.2625
3 0.08984375 0.8 0.1796875 0.275
2 0.315625 0.85234375 0.265625 0.2765625
0 0.56171875 0.878125 0.2671875 0.24375
3 0.7859375 0.90703125 0.246875 0.1859375