3 0.08203125 0.25234375 0.1640625 0.2828125
4 0.2734375 0.19765625 0.265625 0.284375
2 0.503125 0.12421875 0.284375 0.2484375
5 0.7296875 0.08515625 0.26875 0.1703125
0 0.13046875 0.4984375 0.2609375 0.30625
4 0.3484375 0.42265625 0.29375 0.290625
5 0.57890625 0.3578125 0.2625 0.2765625
4 0.81328125 0.271875 0.284375 0.2875
0 0.1890625 0.73203125 0.2875 0.2875
5 0.4109375 0.6671875 0.2671875 0.278125
5 0.66640625 0.5875 0.2625 0.2765625
0 0.87734375 0.509375 0.2453125 0.28125
3 0.25546875 0.915625 0.2734375 0.16875
2 0.509375 0.875 0.2875 0.25
0 0.74765625 0.8171875 0.2890625 0.3015625
3 0.9171875 0.75234375 0.165625 0.2828125