5 0.0984375 0.19609375 0.196875 0.2828125
2 0.31171875 0.1515625 0.2390625 0.240625
3 0.56171875 0.1171875 0.2328125 0.234375
5 0.809375 0.10625 0.259375 0.2125
2 0.11796875 0.44375 0.2328125 0.25625
2 0.3671875 0.39140625 0.2375 0.2484375
3 0.60546875 0.35703125 0.2390625 0.2546875
0 0.853125 0.3234375 0.246875 0.246875
4 0.15078125 0.68984375 0.259375 0.2734375
4 0.3890625 0.65078125 0.2625 0.26875
4 0.640625 0.6078125 0.240625 0.2734375
4 0.884375 0.57578125 0.23125 0.2578125
0 0.19375 0.8984375 0.25625 0.203125
3 0.43125 0.88359375 0.240625 0.2328125
0 0.68203125 0.85625 0.215625 0.2640625
3 0.9046875 0.815625 0.190625 0.26875