5 0.1265625 0.1328125 0.2109375 0.2515625
2 0.36875 0.1265625 0.209375 0.2109375
3 0.621875 0.1234375 0.2015625 0.2203125
5 0.871875 0.1296875 0.2234375 0.2421875
2 0.13125 0.384375 0.1984375 0.228125
2 0.3859375 0.371875 0.20625 0.2203125
3 0.6265625 0.375 0.20625 0.225
0 0.8765625 0.38125 0.215625 0.215625
4 0.125 0.6328125 0.2234375 0.240625
4 0.3671875 0.63125 0.228125 0.2359375
4 0.621875 0.628125 0.2046875 0.2453125
4 0.884375 0.6375 0.2296875 0.2234375
0 0.1296875 0.8796875 0.2203125 0.240625
3 0.3703125 0.88359375 0.20625 0.2328125
0 0.62421875 0.88046875 0.1796875 0.2390625
3 0.8859375 0.88125 0.228125 0.2359375