0 0.128125 0.1296875 0.1984375 0.228125
0 0.3765625 0.128125 0.19375 0.2234375
2 0.628125 0.13125 0.20625 0.2375
3 0.871875 0.1265625 0.2046875 0.225
5 0.1203125 0.3859375 0.20625 0.209375
0 0.3765625 0.3875 0.20625 0.21875
2 0.621875 0.3765625 0.1703125 0.2296875
5 0.875 0.390625 0.1671875 0.1921875
4 0.125 0.6171875 0.2109375 0.2203125
5 0.378125 0.625 0.2203125 0.2328125
5 0.6265625 0.625 0.20625 0.2296875
0 0.86875 0.625 0.1921875 0.2375
3 0.11875 0.88125 0.2015625 0.2359375
5 0.38125 0.88125 0.1828125 0.2359375
3 0.615625 0.875 0.1734375 0.2375
5 0.875 0.875 0.2046875 0.2359375