5 0.15234375 0.1203125 0.2265625 0.240625
2 0.3953125 0.11796875 0.2234375 0.225
3 0.64765625 0.1328125 0.215625 0.234375
5 0.88828125 0.15625 0.2234375 0.25625
2 0.13984375 0.35859375 0.2140625 0.2421875
2 0.3953125 0.3640625 0.2203125 0.2328125
3 0.63515625 0.384375 0.221875 0.2390625
0 0.88359375 0.4078125 0.2296875 0.2296875
4 0.11796875 0.60625 0.2359375 0.25625
4 0.35859375 0.621875 0.24375 0.2515625
4 0.6125 0.6359375 0.221875 0.2578125
4 0.87421875 0.6640625 0.2453125 0.2390625
0 0.1109375 0.85234375 0.221875 0.2546875
3 0.34375 0.8734375 0.221875 0.246875
0 0.59765625 0.88125 0.1953125 0.2375
3 0.8578125 0.890625 0.24375 0.21875