0 0.121875 0.1359375 0.203125 0.23125
0 0.3703125 0.13046875 0.196875 0.228125
2 0.621875 0.12890625 0.2109375 0.240625
3 0.865625 0.1203125 0.209375 0.228125
5 0.11875 0.39296875 0.209375 0.2125
0 0.375 0.38984375 0.209375 0.221875
2 0.61953125 0.37421875 0.1734375 0.23125
5 0.87265625 0.384375 0.171875 0.1953125
4 0.12734375 0.6234375 0.215625 0.225
5 0.38046875 0.62734375 0.2234375 0.2359375
5 0.62890625 0.62265625 0.2109375 0.234375
0 0.87109375 0.61875 0.196875 0.240625
3 0.12578125 0.88359375 0.2046875 0.2328125
5 0.38828125 0.88125 0.1859375 0.2375
3 0.621875 0.87265625 0.178125 0.240625
5 0.88125 0.86875 0.209375 0.240625