0 0.1046875 0.15546875 0.209375 0.2421875
0 0.35078125 0.1375 0.209375 0.2375
2 0.6015625 0.12421875 0.221875 0.2484375
3 0.84453125 0.11015625 0.2203125 0.2203125
5 0.11328125 0.4125 0.2203125 0.2234375
0 0.36875 0.39609375 0.2203125 0.2328125
2 0.61328125 0.36875 0.184375 0.240625
5 0.86640625 0.36484375 0.18125 0.2046875
4 0.134375 0.64296875 0.2265625 0.2359375
5 0.3875 0.6328125 0.2359375 0.246875
5 0.63515625 0.615625 0.221875 0.24375
0 0.8765625 0.59921875 0.209375 0.25
3 0.14609375 0.890625 0.2171875 0.21875
5 0.40703125 0.88203125 0.1984375 0.2359375
3 0.64140625 0.86640625 0.190625 0.2484375
5 0.89453125 0.846875 0.2109375 0.25