4 0.24140625 0.090625 0.2796875 0.18125
4 0.496875 0.12109375 0.275 0.2421875
0 0.72421875 0.184375 0.2890625 0.2875
5 0.91171875 0.25859375 0.1765625 0.2859375
5 0.17265625 0.27734375 0.28125 0.3
3 0.40546875 0.3484375 0.2625 0.2890625
5 0.659375 0.41796875 0.2734375 0.2734375
2 0.896875 0.49375 0.20625 0.253125
3 0.121875 0.51796875 0.24375 0.2765625
0 0.3375 0.59375 0.2578125 0.2734375
0 0.5796875 0.6453125 0.2640625 0.28125
2 0.82578125 0.73359375 0.246875 0.25
3 0.08359375 0.75 0.1671875 0.296875
3 0.26484375 0.8265625 0.2671875 0.2859375
3 0.50859375 0.87734375 0.2453125 0.2453125
0 0.7515625 0.92734375 0.259375 0.1453125