4 0.1171875 0.1296875 0.21875 0.2421875
4 0.38125 0.121875 0.21875 0.2234375
0 0.621875 0.1328125 0.2328125 0.2296875
5 0.871875 0.134375 0.2203125 0.2328125
5 0.121875 0.3828125 0.21875 0.246875
3 0.365625 0.3828125 0.2015625 0.240625
5 0.628125 0.375 0.2203125 0.2203125
2 0.8953125 0.3734375 0.1890625 0.20625
3 0.1328125 0.63125 0.2109375 0.2234375
0 0.371875 0.6375 0.2015625 0.225
0 0.61875 0.615625 0.20625 0.2296875
2 0.8796875 0.628125 0.196875 0.2015625
3 0.12421875 0.87734375 0.2109375 0.2453125
3 0.3703125 0.88125 0.20625 0.2359375
3 0.625 0.878125 0.1828125 0.24375
0 0.884375 0.89296875 0.20625 0.2140625