4 0.1234375 0.1234375 0.2234375 0.2453125
4 0.3875 0.11953125 0.221875 0.228125
0 0.628125 0.13515625 0.2359375 0.2328125
5 0.878125 0.140625 0.2234375 0.2359375
5 0.12421875 0.3765625 0.2234375 0.25
3 0.36796875 0.38046875 0.2046875 0.24375
5 0.63046875 0.37734375 0.2234375 0.2234375
2 0.89765625 0.38046875 0.19375 0.209375
3 0.13046875 0.625 0.2140625 0.228125
0 0.36953125 0.63515625 0.2046875 0.228125
0 0.61640625 0.61796875 0.2109375 0.234375
2 0.87734375 0.634375 0.2 0.2046875
3 0.11796875 0.87109375 0.215625 0.2484375
3 0.3640625 0.87890625 0.2109375 0.240625
3 0.61796875 0.878125 0.1859375 0.24375
0 0.8765625 0.8953125 0.209375 0.209375