2 0.1046875 0.1578125 0.209375 0.259375
5 0.3453125 0.1484375 0.2265625 0.2546875
0 0.59453125 0.11171875 0.2171875 0.2234375
4 0.8421875 0.10703125 0.215625 0.2140625
3 0.115625 0.4109375 0.2203125 0.240625
0 0.35546875 0.39375 0.21875 0.2265625
5 0.6203125 0.3828125 0.2265625 0.21875
4 0.8734375 0.3546875 0.2171875 0.253125
3 0.1390625 0.66328125 0.2453125 0.2203125
5 0.40859375 0.65703125 0.2140625 0.225
4 0.634375 0.61875 0.221875 0.2078125
0 0.87421875 0.58671875 0.25 0.2328125
0 0.1625 0.90234375 0.21875 0.1953125
3 0.41171875 0.87734375 0.2578125 0.2453125
4 0.6546875 0.87265625 0.246875 0.25
0 0.89296875 0.846875 0.2140625 0.25625