4 0.1296875 0.13125 0.196875 0.215625
4 0.3765625 0.125 0.19375 0.2359375
4 0.625 0.1265625 0.19375 0.25
0 0.878125 0.1328125 0.209375 0.21875
4 0.125 0.371875 0.1890625 0.2453125
2 0.375 0.375 0.2203125 0.2375
0 0.6296875 0.378125 0.178125 0.2359375
3 0.8703125 0.375 0.209375 0.2375
4 0.121875 0.628125 0.1734375 0.2328125
4 0.371875 0.6328125 0.1984375 0.215625
0 0.621875 0.6328125 0.2015625 0.225
5 0.8734375 0.634375 0.1890625 0.228125
2 0.125 0.878125 0.1953125 0.24375
3 0.365625 0.875 0.1875 0.225
3 0.625 0.878125 0.1921875 0.225
3 0.875 0.875 0.178125 0.2328125