2 0.25078125 0.08828125 0.2734375 0.1765625
5 0.48828125 0.1296875 0.2671875 0.259375
0 0.734375 0.17265625 0.253125 0.2625
4 0.92109375 0.25546875 0.1578125 0.2640625
3 0.17734375 0.2734375 0.2578125 0.2734375
0 0.40625 0.346875 0.253125 0.259375
5 0.65546875 0.4359375 0.259375 0.253125
4 0.8859375 0.5046875 0.228125 0.284375
3 0.121875 0.515625 0.24375 0.259375
5 0.35625 0.61171875 0.25 0.2578125
4 0.58046875 0.66015625 0.253125 0.2421875
0 0.81484375 0.7203125 0.284375 0.271875
0 0.07890625 0.76484375 0.1578125 0.2671875
3 0.27265625 0.82578125 0.296875 0.3015625
4 0.50390625 0.8796875 0.2859375 0.240625
0 0.740625 0.91328125 0.26875 0.1734375