4 0.09296875 0.2 0.1859375 0.246875
4 0.31328125 0.15234375 0.23125 0.2671875
4 0.5578125 0.125 0.234375 0.25
0 0.8078125 0.09921875 0.24375 0.1984375
4 0.1109375 0.43828125 0.221875 0.2734375
2 0.35546875 0.3984375 0.2578125 0.271875
0 0.60625 0.3578125 0.2171875 0.2640625
3 0.84296875 0.3125 0.246875 0.2703125
4 0.15 0.6921875 0.2125 0.259375
4 0.396875 0.653125 0.234375 0.246875
0 0.64296875 0.609375 0.2375 0.25625
5 0.8890625 0.56640625 0.221875 0.2578125
2 0.1953125 0.9 0.234375 0.2
3 0.43203125 0.8828125 0.2234375 0.234375
3 0.6890625 0.85078125 0.2296875 0.2546875
3 0.91328125 0.803125 0.1734375 0.259375