4 0.0796875 0.2640625 0.159375 0.265625
4 0.26640625 0.18125 0.2578125 0.284375
4 0.50234375 0.12734375 0.2609375 0.2546875
0 0.74609375 0.08515625 0.2671875 0.1703125
4 0.115625 0.49375 0.23125 0.290625
2 0.3421875 0.41953125 0.2828125 0.29375
0 0.5859375 0.34375 0.2421875 0.2796875
3 0.81328125 0.26640625 0.271875 0.290625
4 0.1796875 0.7390625 0.2375 0.275
4 0.41953125 0.665625 0.25625 0.2671875
0 0.65703125 0.58828125 0.2609375 0.2765625
5 0.88515625 0.5125 0.2296875 0.275
2 0.26015625 0.91484375 0.2609375 0.1703125
3 0.48828125 0.88125 0.2484375 0.2375
3 0.7359375 0.82109375 0.253125 0.2734375
3 0.92578125 0.740625 0.1484375 0.275