2 0.125 0.1234375 0.2109375 0.2421875
5 0.3765625 0.1359375 0.20625 0.2375
0 0.628125 0.11875 0.1984375 0.2140625
4 0.8765625 0.1296875 0.1984375 0.215625
3 0.125 0.378125 0.2015625 0.2234375
0 0.365625 0.38125 0.2015625 0.209375
5 0.6296875 0.39375 0.2109375 0.2015625
4 0.884375 0.3875 0.196875 0.2359375
3 0.1265625 0.63125 0.2296875 0.2015625
5 0.3953125 0.6484375 0.196875 0.209375
4 0.6234375 0.6296875 0.20625 0.1890625
0 0.865625 0.61875 0.2328125 0.2140625
0 0.128125 0.890625 0.2015625 0.2171875
3 0.378125 0.878125 0.2359375 0.24375
4 0.621875 0.884375 0.228125 0.2296875
0 0.86796875 0.88046875 0.2078125 0.2390625