3 0.1203125 0.13125 0.209375 0.2421875
3 0.3796875 0.1328125 0.209375 0.225
5 0.6265625 0.134375 0.2109375 0.209375
2 0.8859375 0.134375 0.1984375 0.2328125
3 0.1171875 0.3828125 0.2109375 0.209375
4 0.384375 0.378125 0.2234375 0.21875
0 0.6390625 0.3890625 0.1890625 0.209375
2 0.884375 0.39375 0.209375 0.2234375
5 0.115625 0.634375 0.20625 0.2109375
3 0.36875 0.63125 0.1984375 0.2109375
3 0.61875 0.6359375 0.1921875 0.20625
3 0.8703125 0.6375 0.19375 0.2046875
4 0.11875 0.8796875 0.21875 0.240625
0 0.36875 0.884375 0.2203125 0.2296875
2 0.61875 0.890625 0.209375 0.2171875
4 0.884375 0.8859375 0.2296875 0.228125