3 0.2359375 0.09296875 0.26875 0.1859375
3 0.48515625 0.125 0.2640625 0.25
5 0.72265625 0.18359375 0.259375 0.259375
2 0.921875 0.2546875 0.15625 0.278125
3 0.1640625 0.28203125 0.259375 0.259375
4 0.42265625 0.35078125 0.2765625 0.271875
0 0.6640625 0.43203125 0.240625 0.253125
2 0.88359375 0.50390625 0.2328125 0.2734375
5 0.1109375 0.52265625 0.221875 0.2609375
3 0.3375 0.58984375 0.25 0.2578125
3 0.5765625 0.66328125 0.2421875 0.2515625
3 0.81796875 0.734375 0.2421875 0.2515625
4 0.08359375 0.76015625 0.1671875 0.2921875
0 0.26796875 0.83359375 0.275 0.2828125
2 0.50546875 0.8875 0.2609375 0.225
4 0.7625 0.9171875 0.284375 0.165625