5 0.140625 0.11875 0.2328125 0.2359375
0 0.3859375 0.12578125 0.19375 0.21875
0 0.63125 0.13203125 0.234375 0.2328125
5 0.8859375 0.13046875 0.19375 0.221875
2 0.13359375 0.375 0.178125 0.234375
5 0.38046875 0.38046875 0.196875 0.228125
5 0.63828125 0.37734375 0.2296875 0.240625
4 0.87734375 0.3859375 0.1796875 0.23125
3 0.11484375 0.61484375 0.1984375 0.240625
2 0.37109375 0.63203125 0.15625 0.209375
4 0.62109375 0.62421875 0.2015625 0.234375
2 0.87890625 0.625 0.1859375 0.240625
2 0.1203125 0.875 0.1890625 0.2359375
4 0.37109375 0.88828125 0.153125 0.221875
4 0.61875 0.878125 0.221875 0.24375
5 0.8546875 0.8859375 0.165625 0.228125