5 0.096875 0.22421875 0.19375 0.2796875
0 0.29296875 0.16796875 0.2359375 0.2546875
0 0.53125 0.12421875 0.278125 0.2484375
5 0.7765625 0.0859375 0.2375 0.171875
2 0.11328125 0.47421875 0.225 0.2671875
5 0.353125 0.415625 0.2421875 0.265625
5 0.6015625 0.34609375 0.275 0.284375
4 0.834375 0.2921875 0.225 0.2640625
3 0.1578125 0.7109375 0.2453125 0.2765625
2 0.409375 0.6609375 0.1984375 0.2375
4 0.64921875 0.58828125 0.246875 0.271875
2 0.890625 0.521875 0.21875 0.275
2 0.2296875 0.9125 0.234375 0.175
4 0.47578125 0.8921875 0.1984375 0.215625
4 0.7125 0.83671875 0.2703125 0.2890625
5 0.91875 0.78359375 0.1625 0.2640625