3 0.08515625 0.24140625 0.1703125 0.2890625
3 0.2890625 0.1765625 0.2609375 0.271875
5 0.52734375 0.12109375 0.2578125 0.2421875
2 0.77734375 0.0921875 0.2515625 0.184375
3 0.1140625 0.4859375 0.228125 0.25625
4 0.35703125 0.4125 0.2734375 0.26875
0 0.60546875 0.35703125 0.2375 0.2515625
2 0.84375 0.29765625 0.2609375 0.2703125
5 0.16328125 0.72890625 0.2546875 0.2578125
3 0.40703125 0.6609375 0.246875 0.25625
3 0.65 0.60078125 0.2390625 0.2484375
3 0.8859375 0.53671875 0.228125 0.2484375
4 0.22890625 0.91015625 0.2734375 0.1796875
0 0.471875 0.8828125 0.271875 0.234375
2 0.715625 0.846875 0.259375 0.2640625
4 0.91484375 0.77265625 0.1703125 0.2796875