5 0.134375 0.125 0.228125 0.2328125
0 0.3796875 0.128125 0.1890625 0.215625
0 0.625 0.1296875 0.2296875 0.228125
5 0.8796875 0.1234375 0.1890625 0.21875
2 0.13125 0.38125 0.1734375 0.2328125
5 0.378125 0.3828125 0.1921875 0.225
5 0.6359375 0.375 0.225 0.2359375
4 0.875 0.3796875 0.175 0.228125
3 0.1171875 0.621875 0.19375 0.2359375
2 0.3734375 0.634375 0.153125 0.20625
4 0.6234375 0.621875 0.196875 0.2296875
2 0.88125 0.61875 0.1828125 0.2375
2 0.1265625 0.88125 0.184375 0.2328125
4 0.378125 0.890625 0.1484375 0.21875
4 0.625 0.878125 0.2171875 0.24375
5 0.86171875 0.88359375 0.1609375 0.2328125