3 0.1703125 0.10234375 0.20625 0.2046875
4 0.425 0.11953125 0.240625 0.2390625
2 0.67734375 0.14765625 0.2265625 0.25
2 0.91640625 0.18984375 0.1671875 0.2265625
2 0.14296875 0.3328125 0.2265625 0.25
3 0.39375 0.35546875 0.2328125 0.2703125
4 0.63984375 0.403125 0.2484375 0.253125
0 0.88515625 0.434375 0.2125 0.2546875
4 0.10859375 0.56640625 0.1984375 0.2375
4 0.359375 0.6046875 0.2375 0.2671875
3 0.6 0.6515625 0.2328125 0.2328125
4 0.846875 0.68125 0.221875 0.25
0 0.09140625 0.82578125 0.1828125 0.2578125
0 0.32265625 0.86328125 0.23125 0.25625
4 0.56640625 0.8859375 0.2234375 0.228125
2 0.82578125 0.9046875 0.2296875 0.190625