0 0.23046875 0.0953125 0.2359375 0.190625
5 0.45546875 0.1234375 0.2671875 0.246875
0 0.70859375 0.17421875 0.2296875 0.24375
5 0.91328125 0.22578125 0.1734375 0.2578125
4 0.15546875 0.290625 0.2328125 0.246875
0 0.390625 0.35 0.2625 0.2625
2 0.646875 0.4203125 0.225 0.2453125
5 0.88671875 0.46015625 0.2265625 0.2484375
3 0.11484375 0.540625 0.2296875 0.271875
2 0.34296875 0.5953125 0.246875 0.246875
3 0.58671875 0.653125 0.2515625 0.26875
3 0.83125 0.71796875 0.2265625 0.2546875
5 0.08046875 0.7921875 0.1609375 0.2625
2 0.2875 0.8453125 0.2625 0.2734375
5 0.54609375 0.87890625 0.2703125 0.2421875
0 0.78203125 0.90390625 0.2296875 0.1921875