0 0.140625 0.1390625 0.19375 0.209375
5 0.371875 0.1390625 0.225 0.2109375
0 0.6296875 0.1359375 0.1875 0.20625
5 0.88125 0.13125 0.2140625 0.215625
4 0.1171875 0.3734375 0.1890625 0.209375
0 0.359375 0.378125 0.2203125 0.21875
2 0.625 0.3890625 0.1828125 0.209375
5 0.88125 0.371875 0.2109375 0.2046875
3 0.125 0.628125 0.2015625 0.2328125
2 0.36875 0.628125 0.20625 0.2046875
3 0.61875 0.6296875 0.2046875 0.2296875
3 0.871875 0.6375 0.1828125 0.21875
5 0.11875 0.8875 0.1921875 0.2234375
2 0.3703125 0.884375 0.215625 0.2296875
5 0.6359375 0.8796875 0.2203125 0.240625
0 0.8765625 0.875 0.178125 0.2484375