0 0.11015625 0.171875 0.2109375 0.225
5 0.340625 0.1515625 0.2421875 0.2296875
0 0.59765625 0.12578125 0.2046875 0.221875
5 0.846875 0.1078125 0.23125 0.215625
4 0.1078125 0.40703125 0.2078125 0.225
0 0.34921875 0.390625 0.2375 0.2375
2 0.61484375 0.37890625 0.2 0.225
5 0.86875 0.3390625 0.228125 0.2234375
3 0.1375 0.66015625 0.2203125 0.2484375
2 0.38046875 0.6390625 0.2234375 0.2234375
3 0.6296875 0.61875 0.225 0.2453125
3 0.8828125 0.6046875 0.2 0.234375
5 0.153125 0.89921875 0.2125 0.2015625
2 0.4046875 0.88515625 0.234375 0.2296875
5 0.66875 0.86640625 0.240625 0.259375
0 0.90390625 0.83984375 0.1921875 0.2640625