3 0.12890625 0.11640625 0.1828125 0.2328125
4 0.38515625 0.12421875 0.21875 0.23125
2 0.63984375 0.13125 0.2046875 0.23125
2 0.8921875 0.14765625 0.165625 0.2109375
2 0.12734375 0.37109375 0.2046875 0.23125
3 0.3796875 0.36796875 0.209375 0.2515625
4 0.62890625 0.3890625 0.2265625 0.2328125
0 0.87578125 0.39453125 0.190625 0.2375
4 0.11796875 0.60703125 0.1765625 0.221875
4 0.37109375 0.61875 0.2140625 0.246875
3 0.615625 0.63984375 0.2140625 0.2140625
4 0.8640625 0.64375 0.2 0.23125
0 0.11796875 0.86796875 0.178125 0.2421875
0 0.36171875 0.8796875 0.209375 0.2375
4 0.60859375 0.8859375 0.2015625 0.228125
2 0.86953125 0.890625 0.2078125 0.21875