3 0.115625 0.128125 0.175 0.2328125
4 0.371875 0.128125 0.2109375 0.2234375
2 0.6265625 0.1265625 0.1984375 0.225
2 0.8796875 0.134375 0.1578125 0.20625
2 0.1234375 0.384375 0.196875 0.2234375
3 0.375 0.371875 0.2015625 0.2453125
4 0.625 0.384375 0.21875 0.225
0 0.871875 0.38125 0.1828125 0.2328125
4 0.121875 0.6203125 0.1703125 0.215625
4 0.375 0.6234375 0.2046875 0.240625
3 0.6203125 0.6359375 0.20625 0.20625
4 0.86875 0.63125 0.1921875 0.225
0 0.13125 0.88125 0.1703125 0.2359375
0 0.375 0.884375 0.2015625 0.2296875
4 0.621875 0.8859375 0.1921875 0.228125
2 0.884375 0.8859375 0.1984375 0.228125