3 0.11171875 0.15625 0.2234375 0.25625
5 0.34921875 0.1375 0.2 0.2375
5 0.59609375 0.1234375 0.2140625 0.2390625
3 0.85 0.1171875 0.209375 0.234375
0 0.12265625 0.41171875 0.2125 0.25
2 0.36875 0.39296875 0.19375 0.23125
0 0.61640625 0.37734375 0.2171875 0.2515625
0 0.875 0.3515625 0.215625 0.2453125
2 0.12578125 0.6609375 0.2203125 0.2328125
3 0.38984375 0.6453125 0.2234375 0.203125
4 0.6375 0.634375 0.2296875 0.2265625
3 0.88515625 0.6078125 0.2296875 0.24375
0 0.1421875 0.89375 0.228125 0.2125
5 0.39921875 0.8875 0.2265625 0.225
5 0.6578125 0.88046875 0.2078125 0.23125
4 0.896875 0.86328125 0.20625 0.2328125