3 0.2265625 0.09921875 0.2625 0.1984375
5 0.46171875 0.11953125 0.2296875 0.2390625
5 0.7015625 0.16796875 0.2453125 0.2640625
3 0.91328125 0.234375 0.1734375 0.265625
0 0.16484375 0.30546875 0.2453125 0.275
2 0.40546875 0.359375 0.2234375 0.253125
0 0.64765625 0.4171875 0.2484375 0.2765625
0 0.8890625 0.46796875 0.221875 0.2703125
2 0.11015625 0.54375 0.2203125 0.259375
3 0.3515625 0.60703125 0.246875 0.23125
4 0.5921875 0.66875 0.2578125 0.2546875
3 0.84140625 0.71640625 0.2703125 0.2734375
0 0.084375 0.78515625 0.16875 0.2671875
5 0.28828125 0.8484375 0.25625 0.265625
5 0.5390625 0.890625 0.2375 0.21875
4 0.7828125 0.91796875 0.25625 0.1640625