3 0.134375 0.1296875 0.2140625 0.2421875
5 0.375 0.128125 0.184375 0.225
5 0.621875 0.13125 0.1984375 0.225
3 0.8765625 0.140625 0.19375 0.228125
0 0.1296875 0.3859375 0.196875 0.2375
2 0.3765625 0.384375 0.1796875 0.21875
0 0.625 0.3859375 0.2015625 0.2375
0 0.884375 0.378125 0.1984375 0.2328125
2 0.115625 0.634375 0.2046875 0.2203125
3 0.3796875 0.6375 0.2109375 0.1890625
4 0.628125 0.64375 0.215625 0.2109375
3 0.88125 0.634375 0.2234375 0.228125
0 0.115625 0.88125 0.2140625 0.2234375
5 0.371875 0.8875 0.2109375 0.2234375
5 0.63125 0.890625 0.19375 0.2171875
4 0.88125 0.890625 0.2109375 0.21875