2 0.0890625 0.20859375 0.178125 0.2578125
3 0.3125 0.15625 0.2421875 0.2734375
0 0.5515625 0.12265625 0.228125 0.2453125
2 0.79375 0.0921875 0.228125 0.184375
5 0.1140625 0.44765625 0.2234375 0.2671875
2 0.35703125 0.40390625 0.225 0.2703125
0 0.59609375 0.36328125 0.2328125 0.2578125
0 0.84375 0.3125 0.228125 0.2515625
4 0.14921875 0.69375 0.228125 0.259375
3 0.40390625 0.64453125 0.228125 0.259375
3 0.64375 0.60703125 0.2234375 0.25
4 0.88359375 0.54453125 0.2328125 0.2765625
0 0.20234375 0.91484375 0.2203125 0.1703125
0 0.4390625 0.88828125 0.20625 0.2234375
0 0.69609375 0.85234375 0.1984375 0.2578125
2 0.91015625 0.8015625 0.1796875 0.271875