2 0.13125 0.13125 0.1796875 0.228125
3 0.38125 0.1265625 0.1984375 0.240625
0 0.6234375 0.1390625 0.1890625 0.215625
2 0.871875 0.13125 0.1921875 0.2015625
5 0.13125 0.375 0.1828125 0.2375
2 0.378125 0.378125 0.1828125 0.240625
0 0.6203125 0.384375 0.19375 0.2234375
0 0.8734375 0.38125 0.1890625 0.21875
4 0.11875 0.6234375 0.1875 0.228125
3 0.378125 0.6234375 0.1890625 0.228125
3 0.6203125 0.6328125 0.184375 0.21875
4 0.878125 0.61875 0.209375 0.240625
0 0.121875 0.890625 0.1828125 0.21875
0 0.3640625 0.8859375 0.1671875 0.228125
0 0.625 0.88359375 0.15625 0.2328125
2 0.87421875 0.88046875 0.1953125 0.2390625