2 0.15703125 0.11328125 0.1953125 0.2265625
3 0.4078125 0.1234375 0.215625 0.246875
0 0.6484375 0.1484375 0.2046875 0.228125
2 0.896875 0.1578125 0.20625 0.2140625
5 0.140625 0.34921875 0.1984375 0.25
2 0.38671875 0.36953125 0.1984375 0.253125
0 0.628125 0.39296875 0.209375 0.2375
0 0.88046875 0.4078125 0.2046875 0.23125
4 0.1109375 0.596875 0.203125 0.240625
3 0.36953125 0.61484375 0.203125 0.240625
3 0.6109375 0.640625 0.1984375 0.23125
4 0.86875 0.64453125 0.225 0.2546875
0 0.096875 0.8625 0.19375 0.23125
0 0.3375 0.87578125 0.18125 0.2390625
0 0.596875 0.884375 0.171875 0.23125
2 0.84609375 0.88984375 0.2109375 0.2203125