3 0.1234375 0.1234375 0.2203125 0.225
2 0.3671875 0.128125 0.209375 0.2328125
5 0.6234375 0.1265625 0.209375 0.228125
0 0.875 0.128125 0.2453125 0.2359375
3 0.128125 0.38125 0.196875 0.225
2 0.371875 0.3828125 0.209375 0.2296875
0 0.621875 0.3796875 0.209375 0.2296875
3 0.871875 0.3859375 0.2015625 0.2109375
3 0.1390625 0.6296875 0.1875 0.2109375
3 0.375 0.621875 0.20625 0.2140625
3 0.63125 0.6359375 0.1515625 0.2203125
4 0.884375 0.625 0.1890625 0.2359375
4 0.13125 0.8703125 0.178125 0.225
0 0.371875 0.8890625 0.1734375 0.2203125
2 0.6203125 0.88046875 0.21875 0.2390625
2 0.8609375 0.8796875 0.1484375 0.2296875