3 0.19375 0.096875 0.25625 0.19375
2 0.4328125 0.121875 0.246875 0.24375
5 0.68671875 0.15390625 0.2453125 0.2609375
0 0.89609375 0.1984375 0.2078125 0.275
3 0.1546875 0.31875 0.2328125 0.25625
2 0.39453125 0.3625 0.2453125 0.2625
0 0.640625 0.40234375 0.2453125 0.2625
3 0.884375 0.45234375 0.23125 0.2421875
3 0.121875 0.56484375 0.221875 0.2390625
3 0.35546875 0.5984375 0.240625 0.2453125
3 0.60546875 0.65703125 0.1875 0.24375
4 0.85703125 0.68984375 0.2265625 0.265625
4 0.08984375 0.8 0.1796875 0.253125
0 0.30625 0.8609375 0.209375 0.2484375
2 0.5515625 0.87890625 0.25625 0.2421875
2 0.78984375 0.90546875 0.1859375 0.1890625