5 0.1953125 0.103125 0.26875 0.20625
3 0.44453125 0.1109375 0.2203125 0.221875
5 0.69765625 0.16953125 0.2109375 0.234375
4 0.90234375 0.2015625 0.1953125 0.2625
3 0.15 0.303125 0.2484375 0.2640625
5 0.396875 0.36875 0.2421875 0.240625
0 0.6265625 0.40703125 0.24375 0.2546875
2 0.875 0.45234375 0.25 0.2859375
0 0.11640625 0.5625 0.2328125 0.26875
2 0.34453125 0.59375 0.2375 0.2796875
3 0.59453125 0.6453125 0.23125 0.2515625
4 0.8375 0.69765625 0.2078125 0.253125
3 0.09375 0.8046875 0.1875 0.26875
2 0.30546875 0.84765625 0.2546875 0.2796875
3 0.56484375 0.87890625 0.2515625 0.2421875
2 0.80078125 0.90546875 0.2421875 0.1890625