5 0.1140625 0.14453125 0.228125 0.2359375
3 0.3640625 0.12421875 0.1875 0.209375
5 0.625 0.13515625 0.178125 0.2078125
4 0.8640625 0.11875 0.225 0.228125
3 0.11640625 0.38046875 0.2140625 0.23125
5 0.371875 0.39296875 0.209375 0.209375
0 0.60390625 0.3828125 0.209375 0.221875
2 0.86953125 0.3734375 0.2359375 0.2515625
0 0.13671875 0.640625 0.1984375 0.240625
2 0.36796875 0.62421875 0.1984375 0.25
3 0.62265625 0.62265625 0.196875 0.221875
4 0.87109375 0.6234375 0.171875 0.228125
3 0.14296875 0.88359375 0.1984375 0.2328125
2 0.38125 0.878125 0.215625 0.24375
3 0.646875 0.87578125 0.2140625 0.246875
2 0.8875 0.87421875 0.2046875 0.240625