5 0.11875 0.1375 0.228125 0.2328125
3 0.3703125 0.121875 0.184375 0.20625
5 0.63125 0.1375 0.175 0.2046875
4 0.8703125 0.125 0.2203125 0.225
3 0.11875 0.3734375 0.209375 0.228125
5 0.3734375 0.390625 0.20625 0.2046875
0 0.60625 0.384375 0.2046875 0.21875
2 0.871875 0.3796875 0.2328125 0.246875
0 0.134375 0.634375 0.19375 0.2359375
2 0.365625 0.621875 0.19375 0.246875
3 0.6203125 0.625 0.19375 0.21875
4 0.86875 0.6296875 0.1671875 0.225
3 0.1359375 0.88125 0.19375 0.2359375
2 0.375 0.878125 0.2109375 0.24375
3 0.640625 0.878125 0.209375 0.24375
2 0.88125 0.88125 0.2015625 0.2359375