0 0.13671875 0.11171875 0.2328125 0.2234375
0 0.39765625 0.121875 0.2171875 0.2421875
0 0.6390625 0.11796875 0.209375 0.21875
4 0.89921875 0.1390625 0.2 0.240625
4 0.12890625 0.35859375 0.2171875 0.246875
3 0.37265625 0.36640625 0.23125 0.2515625
2 0.634375 0.38828125 0.2 0.240625
0 0.8828125 0.38984375 0.221875 0.2484375
2 0.11875 0.60703125 0.221875 0.2578125
2 0.3671875 0.61171875 0.21875 0.2484375
0 0.61953125 0.6328125 0.2171875 0.2390625
5 0.86640625 0.64765625 0.2328125 0.25625
0 0.10390625 0.859375 0.20625 0.25
3 0.35546875 0.86796875 0.225 0.259375
3 0.61484375 0.87578125 0.1953125 0.2484375
3 0.865625 0.88984375 0.20625 0.2203125