0 0.0828125 0.2421875 0.165625 0.284375
0 0.28046875 0.17578125 0.2609375 0.2796875
0 0.50703125 0.11015625 0.2484375 0.2203125
4 0.759375 0.0828125 0.24375 0.165625
4 0.1171875 0.4859375 0.234375 0.284375
3 0.3359375 0.415625 0.2765625 0.2921875
2 0.590625 0.35078125 0.24375 0.2734375
0 0.8265625 0.271875 0.2671875 0.2859375
2 0.17421875 0.725 0.26875 0.2953125
2 0.4109375 0.64921875 0.2640625 0.284375
0 0.65625 0.58671875 0.2609375 0.2765625
5 0.87734375 0.51953125 0.2453125 0.2953125
0 0.2421875 0.91328125 0.253125 0.1734375
3 0.4828125 0.87265625 0.271875 0.2546875
3 0.7328125 0.8234375 0.24375 0.290625
3 0.925 0.76015625 0.15 0.2765625