0 0.1171875 0.121875 0.2203125 0.2328125
0 0.378125 0.128125 0.2046875 0.2328125
0 0.61875 0.1109375 0.1984375 0.209375
4 0.8796875 0.11875 0.1875 0.2296875
4 0.121875 0.378125 0.2046875 0.2359375
3 0.365625 0.3734375 0.21875 0.240625
2 0.628125 0.38125 0.1875 0.2296875
0 0.8765625 0.3703125 0.209375 0.2375
2 0.125 0.6265625 0.209375 0.246875
2 0.3734375 0.61875 0.20625 0.2375
0 0.6265625 0.6265625 0.20625 0.2296875
5 0.8734375 0.628125 0.2203125 0.2453125
0 0.1234375 0.8796875 0.19375 0.240625
3 0.375 0.875 0.2109375 0.2484375
3 0.634375 0.875 0.1828125 0.25
3 0.8859375 0.88125 0.19375 0.2328125