4 0.125 0.121875 0.1828125 0.228125
4 0.3734375 0.125 0.1890625 0.2203125
3 0.6265625 0.128125 0.2203125 0.2296875
5 0.865625 0.1375 0.175 0.2234375
4 0.1234375 0.3796875 0.196875 0.228125
4 0.378125 0.3703125 0.178125 0.240625
3 0.61875 0.378125 0.2015625 0.2234375
0 0.865625 0.375 0.175 0.2375
5 0.125 0.6328125 0.1703125 0.21875
2 0.371875 0.6234375 0.1796875 0.228125
2 0.625 0.63125 0.1875 0.2328125
0 0.86875 0.625 0.1921875 0.2359375
3 0.1234375 0.88125 0.1796875 0.2359375
2 0.371875 0.88125 0.1515625 0.2328125
2 0.61875 0.8859375 0.196875 0.228125
0 0.871875 0.8875 0.1734375 0.2234375