4 0.0796875 0.2234375 0.159375 0.265625
4 0.28671875 0.16640625 0.2375 0.259375
3 0.53203125 0.1234375 0.2703125 0.246875
5 0.76640625 0.09453125 0.2234375 0.1890625
4 0.1140625 0.4734375 0.228125 0.26875
4 0.35 0.40390625 0.23125 0.2765625
3 0.5859375 0.353125 0.2484375 0.265625
0 0.82421875 0.290625 0.2265625 0.2734375
5 0.16796875 0.71953125 0.2171875 0.253125
2 0.40546875 0.65078125 0.2296875 0.265625
2 0.653125 0.596875 0.2375 0.2703125
0 0.8828125 0.53203125 0.234375 0.2765625
3 0.2265625 0.91171875 0.23125 0.1765625
2 0.4671875 0.88515625 0.203125 0.2296875
2 0.70859375 0.84609375 0.246875 0.26875
0 0.92109375 0.7859375 0.1578125 0.259375