3 0.1203125 0.128125 0.209375 0.2375
0 0.3765625 0.134375 0.1796875 0.2328125
4 0.6234375 0.134375 0.2203125 0.2328125
3 0.871875 0.1265625 0.2203125 0.228125
3 0.121875 0.378125 0.1828125 0.20625
3 0.371875 0.3796875 0.196875 0.209375
4 0.621875 0.3859375 0.2046875 0.21875
5 0.878125 0.375 0.2203125 0.2359375
5 0.125 0.628125 0.1890625 0.2140625
4 0.36875 0.628125 0.2015625 0.2421875
2 0.61875 0.6265625 0.2046875 0.2296875
4 0.884375 0.6234375 0.1921875 0.1984375
0 0.1171875 0.8828125 0.1875 0.2109375
5 0.371875 0.88125 0.2046875 0.2359375
0 0.62421875 0.87734375 0.2234375 0.2453125
0 0.878125 0.878125 0.24375 0.24375