3 0.09609375 0.18359375 0.1921875 0.2640625
0 0.3265625 0.15546875 0.209375 0.2546875
4 0.57109375 0.12578125 0.2515625 0.2515625
3 0.81640625 0.103125 0.2484375 0.20625
3 0.10859375 0.43203125 0.209375 0.2296875
3 0.35625 0.3984375 0.2234375 0.234375
4 0.6046875 0.3703125 0.234375 0.2453125
5 0.85703125 0.3234375 0.25 0.265625
5 0.14609375 0.67890625 0.215625 0.2375
4 0.3875 0.6453125 0.2328125 0.26875
2 0.63515625 0.60859375 0.2359375 0.2546875
4 0.89375 0.56875 0.2125 0.221875
0 0.1734375 0.90703125 0.215625 0.1859375
5 0.42578125 0.88203125 0.2359375 0.2359375
0 0.67578125 0.85625 0.2546875 0.2734375
0 0.89453125 0.821875 0.2109375 0.275