3 0.2609375 0.08515625 0.275 0.1703125
0 0.50234375 0.1265625 0.2453125 0.253125
4 0.7359375 0.19453125 0.284375 0.290625
3 0.91640625 0.2671875 0.1671875 0.2875
3 0.18203125 0.26171875 0.2390625 0.2546875
3 0.41796875 0.34453125 0.2546875 0.2625
4 0.65234375 0.43203125 0.265625 0.2734375
5 0.878125 0.50390625 0.24375 0.2953125
5 0.11328125 0.4984375 0.2265625 0.2625
4 0.334375 0.578125 0.26875 0.2953125
2 0.57109375 0.65859375 0.26875 0.2828125
4 0.8234375 0.7421875 0.246875 0.25
0 0.06796875 0.7375 0.1359375 0.259375
5 0.2546875 0.81875 0.271875 0.290625
0 0.49375 0.871875 0.290625 0.25625
0 0.734375 0.9125 0.309375 0.175