4 0.16640625 0.103125 0.2046875 0.20625
4 0.4125 0.11640625 0.2125 0.2328125
3 0.66484375 0.14375 0.24375 0.2515625
5 0.9015625 0.17734375 0.196875 0.240625
4 0.13828125 0.340625 0.2203125 0.246875
4 0.3921875 0.35859375 0.2015625 0.2578125
3 0.63046875 0.39140625 0.2234375 0.24375
0 0.8765625 0.4140625 0.1984375 0.2546875
5 0.11328125 0.59296875 0.1921875 0.2359375
2 0.359375 0.609375 0.203125 0.2453125
2 0.6109375 0.64375 0.2109375 0.25
0 0.85390625 0.6625 0.2171875 0.25625
3 0.09375 0.83984375 0.1875 0.2546875
2 0.3328125 0.865625 0.1734375 0.246875
2 0.57734375 0.8859375 0.2203125 0.228125
0 0.8296875 0.9015625 0.196875 0.196875