5 0.128125 0.121875 0.1875 0.2203125
4 0.36875 0.125 0.209375 0.2234375
0 0.6265625 0.13125 0.20625 0.215625
0 0.878125 0.140625 0.209375 0.209375
2 0.13125 0.3734375 0.19375 0.209375
2 0.378125 0.371875 0.2296875 0.2421875
3 0.6265625 0.38125 0.2375 0.2359375
0 0.8734375 0.3828125 0.2515625 0.2375
5 0.1234375 0.6296875 0.1984375 0.228125
5 0.36875 0.628125 0.21875 0.2234375
2 0.61875 0.628125 0.19375 0.2328125
2 0.88125 0.6296875 0.2046875 0.20625
2 0.125 0.88125 0.1921875 0.2359375
2 0.3765625 0.8796875 0.228125 0.240625
4 0.6203125 0.875 0.19375 0.2484375
4 0.8734375 0.8796875 0.225 0.240625