4 0.1265625 0.125 0.19375 0.246875
3 0.384375 0.128125 0.1484375 0.2234375
4 0.628125 0.1296875 0.1703125 0.2296875
3 0.88125 0.1265625 0.19375 0.225
2 0.128125 0.378125 0.2203125 0.2375
4 0.378125 0.3734375 0.1796875 0.21875
2 0.6234375 0.38125 0.21875 0.2328125
2 0.8765625 0.371875 0.19375 0.2359375
2 0.121875 0.6265625 0.2015625 0.2296875
5 0.371875 0.63125 0.2109375 0.225
5 0.625 0.6375 0.2203125 0.2234375
3 0.878125 0.6359375 0.165625 0.20625
3 0.134375 0.884375 0.1796875 0.2296875
4 0.3703125 0.875 0.215625 0.2484375
0 0.6265625 0.884375 0.184375 0.2296875
5 0.875 0.8734375 0.21875 0.2515625