5 0.084375 0.2140625 0.16875 0.25625
4 0.2875 0.1640625 0.2546875 0.265625
0 0.540625 0.1203125 0.25 0.240625
0 0.78671875 0.0953125 0.2515625 0.190625
2 0.11484375 0.459375 0.2296875 0.246875
2 0.35234375 0.40234375 0.2796875 0.2890625
3 0.596875 0.35546875 0.284375 0.284375
0 0.8375 0.3015625 0.3 0.2875
5 0.1625 0.7109375 0.24375 0.2671875
5 0.40078125 0.6546875 0.2640625 0.2671875
2 0.64453125 0.5984375 0.240625 0.2703125
2 0.88828125 0.540625 0.2234375 0.246875
2 0.2203125 0.909375 0.240625 0.18125
2 0.46484375 0.87734375 0.2765625 0.2453125
4 0.7015625 0.83828125 0.2453125 0.2859375
4 0.90625 0.7859375 0.1875 0.284375