4 0.08984375 0.20234375 0.1796875 0.2796875
3 0.315625 0.15703125 0.1890625 0.2484375
4 0.5546875 0.1203125 0.209375 0.240625
3 0.80234375 0.09453125 0.2328125 0.1890625
2 0.12109375 0.4515625 0.2421875 0.275
4 0.35625 0.39921875 0.21875 0.2484375
2 0.5984375 0.36015625 0.259375 0.26875
2 0.8453125 0.30234375 0.2359375 0.26875
2 0.153125 0.69609375 0.240625 0.2625
5 0.39921875 0.653125 0.25 0.2609375
5 0.64921875 0.6109375 0.2578125 0.2625
3 0.896875 0.5609375 0.2015625 0.234375
3 0.2140625 0.9078125 0.221875 0.184375
4 0.44375 0.875 0.259375 0.25
0 0.69765625 0.853125 0.225 0.2609375
5 0.90390625 0.79453125 0.1921875 0.2890625