5 0.09296875 0.1765625 0.1859375 0.24375
4 0.31796875 0.146875 0.2390625 0.2515625
0 0.5734375 0.11875 0.234375 0.2375
0 0.82421875 0.1046875 0.2359375 0.209375
2 0.1171875 0.42578125 0.2203125 0.234375
2 0.36171875 0.38984375 0.2625 0.2734375
3 0.60859375 0.36484375 0.26875 0.2671875
0 0.853125 0.33203125 0.2828125 0.2703125
5 0.1453125 0.68046875 0.228125 0.253125
5 0.3875 0.6453125 0.2484375 0.253125
2 0.63515625 0.61015625 0.2234375 0.25625
2 0.8890625 0.57421875 0.221875 0.2328125
2 0.18203125 0.89921875 0.2234375 0.2015625
2 0.4296875 0.87890625 0.259375 0.2421875
4 0.67109375 0.8546875 0.2265625 0.2734375
4 0.896875 0.82421875 0.20625 0.2703125