4 0.10078125 0.1578125 0.2015625 0.2625
3 0.35234375 0.13984375 0.16875 0.2359375
4 0.59453125 0.1203125 0.1890625 0.240625
3 0.846875 0.10703125 0.2125 0.2140625
2 0.11875 0.4109375 0.2375 0.25625
4 0.3671875 0.384375 0.1984375 0.234375
2 0.6125 0.37109375 0.2375 0.25
2 0.8640625 0.33984375 0.2140625 0.253125
2 0.134375 0.659375 0.2203125 0.2453125
5 0.38359375 0.6421875 0.23125 0.2421875
5 0.63671875 0.62578125 0.2375 0.2421875
3 0.88828125 0.60234375 0.1828125 0.2203125
3 0.16875 0.89609375 0.2 0.2078125
4 0.40234375 0.87578125 0.2359375 0.2484375
0 0.659375 0.871875 0.203125 0.2453125
5 0.89296875 0.83828125 0.2140625 0.2703125