5 0.09765625 0.1765625 0.1953125 0.2375
5 0.3328125 0.14140625 0.2390625 0.2453125
5 0.1125 0.4203125 0.2078125 0.2421875
3 0.57890625 0.1171875 0.2296875 0.234375
3 0.3609375 0.39453125 0.221875 0.2578125
3 0.603125 0.36796875 0.2125 0.2375
3 0.85546875 0.33046875 0.225 0.2546875
3 0.4109375 0.878125 0.20625 0.24375
0 0.825 0.1046875 0.240625 0.209375
0 0.15078125 0.68125 0.178125 0.2296875
0 0.64453125 0.61171875 0.2046875 0.2453125
0 0.88203125 0.58671875 0.2140625 0.246875
0 0.6734375 0.87578125 0.1859375 0.215625
2 0.39609375 0.6390625 0.2125 0.2375
2 0.16953125 0.89453125 0.2015625 0.2109375
5 0.896875 0.828125 0.20625 0.259375