5 0.0875 0.21328125 0.175 0.2515625
5 0.30234375 0.15703125 0.2546875 0.2609375
5 0.109375 0.45390625 0.21875 0.2546875
3 0.54453125 0.11796875 0.2453125 0.2359375
3 0.35234375 0.40703125 0.2390625 0.271875
3 0.59140625 0.359375 0.228125 0.25
3 0.8390625 0.3 0.2421875 0.26875
3 0.44375 0.87890625 0.225 0.2421875
0 0.7875 0.0953125 0.25625 0.190625
0 0.16796875 0.7109375 0.19375 0.240625
0 0.653125 0.5984375 0.221875 0.2578125
0 0.8859375 0.553125 0.228125 0.259375
0 0.70546875 0.85859375 0.2 0.2265625
2 0.40859375 0.64765625 0.228125 0.25
2 0.20703125 0.90546875 0.2203125 0.1890625
5 0.90625 0.790625 0.1875 0.271875