5 0.128125 0.128125 0.19375 0.215625
5 0.378125 0.1234375 0.2140625 0.2203125
5 0.125 0.3734375 0.1828125 0.2203125
3 0.625 0.128125 0.2046875 0.2140625
3 0.375 0.378125 0.19375 0.2359375
3 0.61875 0.38125 0.1875 0.215625
3 0.8734375 0.375 0.1984375 0.2328125
3 0.3640625 0.8734375 0.178125 0.240625
0 0.8734375 0.1296875 0.215625 0.2203125
0 0.13125 0.6375 0.153125 0.2140625
0 0.6296875 0.628125 0.1796875 0.225
0 0.86875 0.6328125 0.1890625 0.225
0 0.6265625 0.89375 0.1625 0.196875
2 0.3796875 0.625 0.1875 0.215625
2 0.121875 0.875 0.1734375 0.2359375
5 0.8625 0.875 0.19375 0.2375