5 0.115625 0.13125 0.1515625 0.240625
5 0.6265625 0.384375 0.19375 0.215625
5 0.6265625 0.625 0.19375 0.2453125
5 0.378125 0.88046875 0.165625 0.2390625
4 0.378125 0.125 0.1703125 0.2375
4 0.1203125 0.3765625 0.196875 0.215625
4 0.378125 0.3703125 0.1734375 0.2375
4 0.11875 0.8796875 0.1671875 0.2203125
4 0.8703125 0.8859375 0.20625 0.225
2 0.6203125 0.13125 0.19375 0.225
2 0.86875 0.1234375 0.178125 0.225
2 0.8703125 0.378125 0.1875 0.2203125
2 0.1265625 0.6234375 0.19375 0.2296875
2 0.378125 0.63125 0.2109375 0.2234375
4 0.8796875 0.6265625 0.15625 0.225
4 0.63125 0.88125 0.153125 0.2359375