5 0.06953125 0.23515625 0.1390625 0.2703125
5 0.59453125 0.35703125 0.240625 0.25625
5 0.653125 0.590625 0.246875 0.284375
5 0.4734375 0.88125 0.21875 0.2375
4 0.29140625 0.165625 0.221875 0.271875
4 0.11171875 0.471875 0.2234375 0.25625
4 0.35 0.40390625 0.2265625 0.271875
4 0.22109375 0.91640625 0.2171875 0.1671875
4 0.9125 0.784375 0.175 0.26875
2 0.52734375 0.12265625 0.2421875 0.2453125
2 0.76640625 0.0875 0.2265625 0.175
2 0.8296875 0.2921875 0.234375 0.2578125
2 0.1671875 0.71015625 0.24375 0.26875
2 0.41328125 0.65703125 0.259375 0.26875
4 0.89765625 0.53125 0.2046875 0.25625
4 0.71953125 0.83828125 0.20625 0.2671875