5 0.103125 0.14453125 0.159375 0.2453125
5 0.62265625 0.3796875 0.2015625 0.221875
5 0.63046875 0.6203125 0.2015625 0.2515625
5 0.39140625 0.88046875 0.1734375 0.2390625
4 0.36484375 0.1296875 0.178125 0.24375
4 0.11640625 0.38984375 0.2046875 0.221875
4 0.3734375 0.375 0.1828125 0.24375
4 0.13125 0.88984375 0.175 0.2203125
4 0.88359375 0.87265625 0.2140625 0.2328125
2 0.60703125 0.12734375 0.2015625 0.23125
2 0.85546875 0.11328125 0.1859375 0.2265625
2 0.865625 0.365625 0.1953125 0.2265625
2 0.13125 0.63671875 0.2015625 0.2359375
2 0.3828125 0.63515625 0.21875 0.23125
4 0.88359375 0.61328125 0.1640625 0.2296875
4 0.64453125 0.8765625 0.1609375 0.2421875