3 0.1359375 0.125 0.171875 0.2234375
3 0.875 0.1328125 0.1765625 0.2125
3 0.628125 0.621875 0.1875 0.225
0 0.38125 0.1265625 0.2109375 0.2328125
0 0.1234375 0.6265625 0.1921875 0.2328125
0 0.371875 0.628125 0.2203125 0.228125
0 0.1265625 0.875 0.19375 0.225
5 0.625 0.121875 0.1875 0.215625
5 0.13125 0.38125 0.2015625 0.215625
5 0.8703125 0.38125 0.2125 0.215625
5 0.884375 0.625 0.2109375 0.225
5 0.371875 0.8765625 0.1671875 0.246875
5 0.8734375 0.8828125 0.1890625 0.2328125
4 0.378125 0.3765625 0.184375 0.225
4 0.621875 0.3828125 0.171875 0.225
2 0.621875 0.88125 0.1875 0.2375