4 0.121875 0.1265625 0.1875 0.2390625
3 0.371875 0.13125 0.20625 0.234375
4 0.6203125 0.1328125 0.2109375 0.2328125
5 0.878125 0.134375 0.1703125 0.2015625
3 0.1328125 0.3796875 0.19375 0.2390625
2 0.359375 0.3734375 0.2109375 0.20625
3 0.6234375 0.3828125 0.21875 0.228125
3 0.878125 0.375 0.2328125 0.2328125
5 0.128125 0.628125 0.21875 0.2296875
5 0.375 0.6375 0.2125 0.228125
4 0.6234375 0.628125 0.21875 0.228125
5 0.86875 0.6234375 0.196875 0.225
2 0.1140625 0.8828125 0.1671875 0.2125
0 0.38125 0.890625 0.203125 0.21875
0 0.6234375 0.8984375 0.19375 0.2015625
3 0.8859375 0.890625 0.2015625 0.21875