3 0.0859375 0.21640625 0.171875 0.2578125
3 0.7828125 0.08984375 0.221875 0.1796875
3 0.65234375 0.58984375 0.2328125 0.2609375
0 0.30078125 0.1640625 0.2578125 0.2734375
0 0.16328125 0.709375 0.240625 0.26875
0 0.40546875 0.653125 0.2671875 0.271875
0 0.21953125 0.90859375 0.2390625 0.1828125
5 0.5359375 0.1140625 0.23125 0.228125
5 0.11796875 0.46640625 0.2359375 0.2546875
5 0.8359375 0.30078125 0.25625 0.2578125
5 0.88671875 0.53515625 0.2265625 0.2671875
5 0.45703125 0.8765625 0.2203125 0.246875
5 0.915625 0.7890625 0.16875 0.26875
4 0.35234375 0.4078125 0.2296875 0.2609375
4 0.5921875 0.35703125 0.2203125 0.2578125
2 0.703125 0.84375 0.2359375 0.275