4 0.09296875 0.17578125 0.1859375 0.2609375
3 0.328125 0.15 0.2328125 0.2578125
4 0.575 0.125 0.2375 0.25
5 0.83046875 0.10078125 0.1921875 0.2015625
3 0.12109375 0.425 0.221875 0.2609375
2 0.3453125 0.39140625 0.2359375 0.23125
3 0.60859375 0.36875 0.2453125 0.253125
3 0.86015625 0.3296875 0.2578125 0.2578125
5 0.146875 0.67265625 0.2453125 0.2546875
5 0.39296875 0.6515625 0.2390625 0.2515625
4 0.63828125 0.6125 0.2453125 0.253125
5 0.88125 0.57734375 0.2234375 0.246875
2 0.1625 0.90546875 0.190625 0.1890625
0 0.4296875 0.890625 0.228125 0.21875
0 0.67109375 0.88046875 0.2171875 0.225
3 0.9078125 0.83984375 0.184375 0.2421875