3 0.07578125 0.26328125 0.1515625 0.2671875
3 0.73515625 0.0796875 0.2359375 0.159375
3 0.6609375 0.5734375 0.25 0.2734375
0 0.26640625 0.1859375 0.2765625 0.2890625
0 0.18515625 0.7421875 0.25625 0.2828125
0 0.4203125 0.6625 0.28125 0.2875
0 0.26875 0.91875 0.25625 0.1625
5 0.4953125 0.1171875 0.246875 0.234375
5 0.12109375 0.5078125 0.2421875 0.26875
5 0.81171875 0.2671875 0.271875 0.2734375
5 0.88359375 0.4921875 0.2328125 0.28125
5 0.50078125 0.8765625 0.2390625 0.246875
5 0.92421875 0.73984375 0.1515625 0.2828125
4 0.34453125 0.42265625 0.246875 0.2734375
4 0.57734375 0.34921875 0.2359375 0.26875
2 0.7390625 0.82109375 0.2546875 0.2859375