4 0.0859375 0.2046875 0.171875 0.271875
3 0.30390625 0.1625 0.246875 0.26875
4 0.54765625 0.125 0.2515625 0.25
5 0.80078125 0.09140625 0.2046875 0.1828125
3 0.1171875 0.4515625 0.234375 0.271875
2 0.3375 0.40234375 0.246875 0.2421875
3 0.5984375 0.36171875 0.2578125 0.265625
3 0.84765625 0.30546875 0.271875 0.271875
5 0.159375 0.696875 0.259375 0.26875
5 0.40390625 0.65859375 0.2515625 0.2640625
4 0.6453125 0.60234375 0.2578125 0.265625
5 0.88359375 0.55078125 0.2328125 0.2578125
2 0.19375 0.9140625 0.203125 0.171875
0 0.4578125 0.88984375 0.240625 0.2203125
0 0.696875 0.8671875 0.228125 0.2359375
3 0.91640625 0.809375 0.1671875 0.253125