3 0.1375 0.125 0.1734375 0.2234375
3 0.875 0.13125 0.178125 0.2140625
3 0.628125 0.621875 0.1875 0.225
0 0.38125 0.128125 0.2109375 0.2328125
0 0.125 0.628125 0.1921875 0.2328125
0 0.3734375 0.628125 0.2203125 0.228125
0 0.1265625 0.875 0.19375 0.225
5 0.625 0.121875 0.1875 0.215625
5 0.13125 0.38125 0.2015625 0.215625
5 0.871875 0.38125 0.2140625 0.215625
5 0.884375 0.625 0.2109375 0.225
5 0.3703125 0.875 0.16875 0.2484375
5 0.87265625 0.88359375 0.1890625 0.2328125
4 0.3765625 0.3765625 0.184375 0.225
4 0.621875 0.38125 0.1734375 0.225
2 0.6203125 0.88046875 0.1875 0.2390625