3 0.08125 0.23828125 0.1625 0.2640625
3 0.75859375 0.084375 0.2296875 0.16875
3 0.65703125 0.58203125 0.2421875 0.2671875
0 0.28359375 0.175 0.2671875 0.28125
0 0.175 0.7265625 0.25 0.2765625
0 0.41328125 0.6578125 0.275 0.2796875
0 0.24453125 0.9140625 0.2484375 0.171875
5 0.51484375 0.115625 0.2390625 0.23125
5 0.11953125 0.4875 0.2390625 0.2625
5 0.825 0.28359375 0.2640625 0.265625
5 0.88515625 0.5140625 0.2296875 0.275
5 0.478125 0.8765625 0.23125 0.246875
5 0.9203125 0.76640625 0.159375 0.2765625
4 0.34765625 0.415625 0.2390625 0.2671875
4 0.584375 0.35234375 0.2296875 0.2640625
2 0.7203125 0.8328125 0.246875 0.28125