5 0.084375 0.25546875 0.16875 0.2734375
5 0.109375 0.4953125 0.21875 0.26875
5 0.59140625 0.33984375 0.240625 0.25625
5 0.175 0.73515625 0.234375 0.2609375
5 0.8859375 0.51796875 0.228125 0.2734375
5 0.2609375 0.92109375 0.25 0.1578125
2 0.27578125 0.1828125 0.246875 0.2609375
2 0.51484375 0.121875 0.2390625 0.24375
2 0.3390625 0.421875 0.2296875 0.271875
2 0.65234375 0.58125 0.2453125 0.2703125
2 0.4875 0.878125 0.259375 0.24375
3 0.75234375 0.0875 0.2515625 0.175
5 0.83125 0.27421875 0.2390625 0.278125
4 0.4046875 0.66796875 0.2109375 0.2625
0 0.73515625 0.825 0.2421875 0.25625
2 0.93125 0.7546875 0.1375 0.271875