5 0.1375 0.125 0.2046875 0.228125
5 0.12890625 0.375 0.1671875 0.234375
5 0.63671875 0.37578125 0.190625 0.2140625
5 0.11796875 0.62265625 0.1828125 0.221875
5 0.87109375 0.6390625 0.19375 0.23125
5 0.12421875 0.88125 0.196875 0.228125
2 0.384375 0.12890625 0.196875 0.2171875
2 0.634375 0.13359375 0.1859375 0.228125
2 0.37109375 0.37578125 0.1734375 0.234375
2 0.61953125 0.62421875 0.190625 0.228125
2 0.365625 0.87734375 0.2015625 0.24375
3 0.8828125 0.1375 0.1984375 0.23125
5 0.88515625 0.38828125 0.1828125 0.2390625
4 0.35703125 0.63046875 0.1546875 0.23125
0 0.62265625 0.88203125 0.19375 0.2125
2 0.86640625 0.8828125 0.1515625 0.234375