3 0.09375 0.22109375 0.1875 0.2828125
0 0.29453125 0.165625 0.2796875 0.284375
3 0.53671875 0.12734375 0.2703125 0.2546875
4 0.78515625 0.096875 0.2765625 0.19375
4 0.12109375 0.45625 0.2421875 0.278125
2 0.34296875 0.4046875 0.2734375 0.265625
3 0.596875 0.35703125 0.2390625 0.2484375
0 0.8453125 0.2953125 0.2375 0.2359375
2 0.159375 0.70703125 0.24375 0.2703125
0 0.4078125 0.65625 0.2859375 0.284375
5 0.64609375 0.59765625 0.265625 0.26875
5 0.884375 0.53671875 0.23125 0.2828125
0 0.21796875 0.9046875 0.2765625 0.190625
0 0.46328125 0.87734375 0.2609375 0.2453125
5 0.73359375 0.8328125 0.23125 0.278125
3 0.9125 0.78359375 0.175 0.2828125