3 0.1265625 0.128125 0.2234375 0.2390625
0 0.375 0.128125 0.2328125 0.2375
3 0.6234375 0.128125 0.2203125 0.246875
4 0.878125 0.1296875 0.2296875 0.2328125
4 0.134375 0.371875 0.20625 0.2375
2 0.36875 0.371875 0.2296875 0.21875
3 0.6265625 0.3828125 0.1984375 0.2078125
0 0.8828125 0.378125 0.1984375 0.196875
2 0.121875 0.625 0.196875 0.2328125
0 0.375 0.63125 0.2390625 0.2375
5 0.6203125 0.628125 0.2203125 0.2234375
5 0.8875 0.628125 0.225 0.2390625
0 0.1234375 0.878125 0.228125 0.2421875
0 0.375 0.878125 0.2109375 0.2421875
5 0.653125 0.8765625 0.1796875 0.24375
3 0.878125 0.878125 0.20625 0.2421875