3 0.0859375 0.26171875 0.171875 0.2953125
0 0.26640625 0.18515625 0.29375 0.296875
3 0.50234375 0.1296875 0.2859375 0.259375
4 0.7453125 0.0890625 0.290625 0.178125
4 0.1234375 0.49140625 0.246875 0.2890625
2 0.3359375 0.41875 0.2875 0.2796875
3 0.584375 0.34921875 0.253125 0.259375
0 0.8265625 0.265625 0.2484375 0.2484375
2 0.17890625 0.7359375 0.259375 0.28125
0 0.421875 0.66328125 0.3 0.3
5 0.65390625 0.584375 0.2796875 0.28125
5 0.88203125 0.5015625 0.2359375 0.296875
0 0.25859375 0.9125 0.2921875 0.175
0 0.49765625 0.875 0.2765625 0.25
5 0.76171875 0.8109375 0.246875 0.2875
3 0.9203125 0.74296875 0.159375 0.2953125