5 0.13125 0.13125 0.2015625 0.2234375
5 0.1265625 0.38125 0.1625 0.2328125
5 0.634375 0.3734375 0.1875 0.2109375
5 0.1203125 0.6296875 0.1796875 0.21875
5 0.8734375 0.6328125 0.1890625 0.228125
5 0.13125 0.8875 0.1921875 0.2234375
2 0.378125 0.13125 0.1921875 0.2140625
2 0.628125 0.13125 0.1828125 0.2234375
2 0.36875 0.378125 0.1703125 0.2328125
2 0.621875 0.621875 0.1875 0.225
2 0.371875 0.8796875 0.196875 0.240625
3 0.8765625 0.13125 0.19375 0.228125
5 0.8828125 0.38125 0.178125 0.2359375
4 0.359375 0.6328125 0.1515625 0.228125
0 0.6296875 0.8796875 0.1890625 0.209375
2 0.8734375 0.88046875 0.146875 0.2390625