5 0.1625 0.10390625 0.215625 0.2078125
0 0.4109375 0.11796875 0.234375 0.2359375
4 0.659375 0.146875 0.2359375 0.2296875
0 0.90625 0.16171875 0.1875 0.2171875
0 0.1453125 0.35625 0.1921875 0.25625
5 0.38125 0.365625 0.234375 0.2453125
3 0.64453125 0.37578125 0.234375 0.240625
4 0.8890625 0.41171875 0.2203125 0.2171875
3 0.12265625 0.6 0.203125 0.234375
5 0.36171875 0.60859375 0.2203125 0.225
0 0.61796875 0.64375 0.221875 0.2453125
0 0.85703125 0.66796875 0.196875 0.2359375
5 0.10625 0.84375 0.2 0.24375
5 0.33671875 0.859375 0.2203125 0.2421875
4 0.59375 0.89140625 0.20625 0.2171875
0 0.846875 0.9 0.253125 0.2