5 0.1296875 0.121875 0.196875 0.21875
0 0.378125 0.1234375 0.215625 0.228125
4 0.628125 0.134375 0.21875 0.2125
0 0.8765625 0.128125 0.175 0.20625
0 0.134375 0.3890625 0.175 0.240625
5 0.3703125 0.3765625 0.215625 0.228125
3 0.63125 0.365625 0.215625 0.225
4 0.88125 0.378125 0.20625 0.2
3 0.13125 0.6328125 0.184375 0.21875
5 0.371875 0.6203125 0.20625 0.209375
0 0.63125 0.6328125 0.2 0.228125
0 0.8703125 0.6359375 0.178125 0.221875
5 0.1375 0.8765625 0.18125 0.228125
5 0.36875 0.871875 0.2 0.225
4 0.628125 0.890625 0.1875 0.21875
0 0.88125 0.8890625 0.2375 0.221875