5 0.1296875 0.121875 0.196875 0.2203125
0 0.378125 0.1234375 0.215625 0.228125
4 0.628125 0.134375 0.21875 0.2109375
0 0.8765625 0.128125 0.175 0.2046875
0 0.134375 0.3890625 0.1734375 0.2421875
5 0.3703125 0.3765625 0.215625 0.228125
3 0.63125 0.365625 0.215625 0.2234375
4 0.88125 0.378125 0.2046875 0.2015625
3 0.13125 0.6328125 0.184375 0.21875
5 0.371875 0.6203125 0.2046875 0.209375
0 0.63125 0.6328125 0.2015625 0.2296875
0 0.8703125 0.6359375 0.1796875 0.2203125
5 0.1375 0.8765625 0.1828125 0.2296875
5 0.36875 0.871875 0.2015625 0.225
4 0.628125 0.890625 0.1890625 0.21875
0 0.88125 0.8890625 0.2359375 0.2203125