5 0.1 0.16171875 0.2 0.2390625
0 0.3390625 0.13828125 0.2390625 0.25
4 0.5890625 0.12265625 0.2390625 0.2328125
0 0.83671875 0.1 0.1953125 0.2
0 0.125 0.4265625 0.196875 0.259375
5 0.3578125 0.390625 0.2390625 0.25
3 0.61796875 0.35078125 0.2375 0.24375
4 0.86484375 0.3390625 0.2234375 0.2203125
3 0.1484375 0.6703125 0.20625 0.2375
5 0.38515625 0.6328125 0.2234375 0.228125
0 0.64296875 0.61875 0.225 0.2484375
0 0.8828125 0.596875 0.2015625 0.2390625
5 0.17890625 0.89453125 0.2046875 0.2109375
5 0.40859375 0.88046875 0.2234375 0.2390625
4 0.66796875 0.875 0.209375 0.2375
0 0.89609375 0.846875 0.2078125 0.24375