0 0.134375 0.1296875 0.1890625 0.2203125
0 0.8734375 0.63125 0.20625 0.2234375
0 0.128125 0.8796875 0.1984375 0.2203125
3 0.378125 0.134375 0.1890625 0.2203125
3 0.63125 0.1359375 0.184375 0.215625
3 0.628125 0.88125 0.1828125 0.2296875
5 0.8703125 0.115625 0.1484375 0.1828125
5 0.875 0.884375 0.184375 0.228125
4 0.13125 0.3828125 0.1796875 0.215625
4 0.378125 0.3828125 0.2046875 0.2296875
4 0.86875 0.375 0.2046875 0.2296875
4 0.125 0.6296875 0.225 0.2203125
2 0.6265625 0.378125 0.184375 0.2234375
2 0.3703125 0.63125 0.20625 0.2328125
2 0.634375 0.63125 0.1796875 0.21875
2 0.38125 0.88359375 0.184375 0.2328125