0 0.115625 0.14921875 0.2 0.23125
0 0.8796875 0.61171875 0.2171875 0.234375
0 0.14765625 0.89140625 0.2109375 0.2171875
3 0.359375 0.14140625 0.2 0.2296875
3 0.61171875 0.1296875 0.1953125 0.225
3 0.64765625 0.87421875 0.19375 0.2390625
5 0.85 0.096875 0.15625 0.1890625
5 0.89453125 0.8640625 0.1953125 0.2375
4 0.12578125 0.40234375 0.1921875 0.225
4 0.371875 0.3890625 0.2171875 0.2390625
4 0.86171875 0.35625 0.2171875 0.240625
4 0.13203125 0.64921875 0.2359375 0.2328125
2 0.6203125 0.371875 0.1953125 0.2328125
2 0.37734375 0.6375 0.21875 0.2421875
2 0.64140625 0.62421875 0.1921875 0.228125
2 0.4015625 0.88359375 0.196875 0.2328125