2 0.08203125 0.26796875 0.1640625 0.2796875
0 0.26171875 0.1921875 0.2625 0.29375
5 0.51171875 0.11796875 0.2546875 0.2359375
3 0.7375 0.08671875 0.271875 0.1734375
4 0.115625 0.509375 0.23125 0.26875
3 0.33359375 0.428125 0.2546875 0.2703125
2 0.575 0.34375 0.2453125 0.271875
4 0.828125 0.26796875 0.2359375 0.253125
3 0.1921875 0.73984375 0.290625 0.2984375
0 0.421875 0.665625 0.2515625 0.2640625
2 0.88828125 0.50390625 0.2234375 0.2640625
0 0.27890625 0.91796875 0.2796875 0.1640625
2 0.49375 0.88671875 0.259375 0.2265625
2 0.7375 0.81953125 0.2609375 0.290625
0 0.92421875 0.74140625 0.1515625 0.2828125