2 0.1296875 0.1265625 0.2078125 0.2234375
0 0.375 0.1328125 0.19375 0.24375
5 0.6453125 0.11875 0.1890625 0.2375
3 0.878125 0.1328125 0.203125 0.234375
4 0.125 0.38125 0.1890625 0.21875
3 0.365625 0.378125 0.19375 0.2203125
2 0.621875 0.378125 0.18125 0.225
4 0.8859375 0.3875 0.1796875 0.20625
3 0.13125 0.628125 0.225 0.2375
0 0.371875 0.6296875 0.1921875 0.2125
2 0.871875 0.6328125 0.171875 0.21875
0 0.134375 0.8828125 0.215625 0.2328125
2 0.3609375 0.8875 0.196875 0.2234375
2 0.6203125 0.8796875 0.19375 0.2390625
0 0.884375 0.8875 0.2203125 0.2234375