2 0.1 0.18359375 0.2 0.2515625
0 0.325 0.15234375 0.2265625 0.26875
5 0.5890625 0.11640625 0.21875 0.2328125
3 0.82265625 0.10625 0.2359375 0.2125
4 0.1125 0.434375 0.2171875 0.2421875
3 0.35 0.39765625 0.221875 0.24375
2 0.603125 0.3609375 0.2109375 0.2484375
4 0.86640625 0.33515625 0.20625 0.2296875
3 0.15234375 0.6765625 0.25625 0.2671875
0 0.39140625 0.64765625 0.2203125 0.2375
2 0.88671875 0.5796875 0.203125 0.240625
0 0.19140625 0.9 0.2453125 0.2
2 0.41640625 0.8890625 0.2265625 0.221875
2 0.671875 0.859375 0.225 0.265625
0 0.9046875 0.8296875 0.190625 0.253125