0 0.2828125 0.08125 0.253125 0.1625
0 0.80625 0.75078125 0.2703125 0.28125
0 0.07578125 0.72890625 0.1515625 0.2765625
3 0.51015625 0.125 0.2515625 0.25
3 0.74765625 0.203125 0.246875 0.265625
3 0.4890625 0.88125 0.25 0.2375
5 0.9390625 0.265625 0.121875 0.221875
5 0.72109375 0.925 0.2515625 0.15
4 0.19375 0.2640625 0.24375 0.2640625
4 0.42578125 0.3484375 0.271875 0.2859375
4 0.8765625 0.5078125 0.246875 0.2875
4 0.1234375 0.49375 0.246875 0.284375
2 0.6609375 0.42890625 0.25 0.2734375
2 0.33359375 0.57890625 0.2734375 0.2890625
2 0.58125 0.66953125 0.24375 0.2671875
2 0.25703125 0.81953125 0.253125 0.28125