2 0.10390625 0.1671875 0.2078125 0.24375
0 0.3375 0.14765625 0.21875 0.2625
5 0.60390625 0.11640625 0.2140625 0.2328125
3 0.83671875 0.1109375 0.2265625 0.221875
4 0.11484375 0.42109375 0.209375 0.2375
3 0.35390625 0.39296875 0.215625 0.2390625
2 0.60859375 0.36640625 0.203125 0.2421875
4 0.871875 0.34765625 0.2 0.2234375
3 0.146875 0.665625 0.2484375 0.259375
0 0.3859375 0.6421875 0.2140625 0.23125
2 0.88359375 0.59296875 0.19375 0.2359375
0 0.17578125 0.8953125 0.2390625 0.209375
2 0.4015625 0.8890625 0.21875 0.221875
2 0.659375 0.86484375 0.2171875 0.259375
0 0.90078125 0.84453125 0.1984375 0.2453125