5 0.09921875 0.20546875 0.1984375 0.2765625
4 0.31015625 0.15390625 0.2796875 0.278125
3 0.559375 0.12265625 0.2625 0.2453125
0 0.80859375 0.103125 0.2484375 0.20625
4 0.11953125 0.44765625 0.2390625 0.2703125
3 0.359375 0.40234375 0.24375 0.2703125
3 0.60703125 0.36015625 0.23125 0.25
5 0.85234375 0.3203125 0.2375 0.2625
4 0.1421875 0.69296875 0.246875 0.2640625
2 0.4 0.65234375 0.2328125 0.2671875
4 0.65390625 0.6171875 0.2609375 0.2609375
0 0.88984375 0.565625 0.2203125 0.25625
3 0.19609375 0.90078125 0.2515625 0.1984375
2 0.4453125 0.88984375 0.253125 0.2203125
2 0.70625 0.85078125 0.2515625 0.259375
4 0.9046875 0.80703125 0.190625 0.2765625