5 0.121875 0.134375 0.2328125 0.240625
4 0.3734375 0.1265625 0.2421875 0.240625
3 0.6265625 0.125 0.225 0.2375
0 0.8796875 0.1296875 0.2109375 0.240625
4 0.1296875 0.38125 0.2109375 0.2359375
3 0.378125 0.3796875 0.20625 0.2375
3 0.6296875 0.38125 0.196875 0.21875
5 0.878125 0.384375 0.2015625 0.2296875
4 0.1140625 0.628125 0.2109375 0.2296875
2 0.375 0.6328125 0.19375 0.2375
4 0.63125 0.6421875 0.225 0.225
0 0.88125 0.634375 0.2015625 0.225
3 0.1265625 0.871875 0.215625 0.2234375
2 0.3765625 0.8890625 0.21875 0.215625
2 0.6421875 0.88125 0.215625 0.225
4 0.884375 0.8796875 0.2296875 0.240625