5 0.103125 0.190625 0.20625 0.26875
4 0.32265625 0.14765625 0.271875 0.271875
3 0.575 0.121875 0.25625 0.24375
0 0.82421875 0.10703125 0.2421875 0.2140625
4 0.11796875 0.43203125 0.2359375 0.2609375
3 0.3625 0.39765625 0.2375 0.2640625
3 0.61015625 0.36484375 0.225 0.24375
5 0.85625 0.33125 0.2328125 0.2546875
4 0.1359375 0.68046875 0.240625 0.2578125
2 0.39453125 0.64921875 0.225 0.2625
4 0.6515625 0.62265625 0.2546875 0.2546875
0 0.890625 0.57890625 0.21875 0.2515625
3 0.18359375 0.896875 0.2453125 0.20625
2 0.43125 0.88984375 0.246875 0.2203125
2 0.6953125 0.8578125 0.2453125 0.253125
4 0.9015625 0.82265625 0.196875 0.2703125