3 0.078125 0.26875 0.15625 0.275
3 0.50078125 0.1203125 0.2515625 0.240625
3 0.340625 0.42578125 0.24375 0.2546875
3 0.57265625 0.34609375 0.2625 0.278125
3 0.82109375 0.2671875 0.2484375 0.2640625
3 0.2765625 0.9140625 0.265625 0.171875
3 0.7359375 0.81796875 0.2875 0.303125
0 0.26328125 0.19140625 0.2328125 0.2734375
0 0.73828125 0.0765625 0.2421875 0.153125
0 0.50390625 0.88046875 0.2453125 0.2390625
4 0.11484375 0.50859375 0.2296875 0.2703125
4 0.65234375 0.5828125 0.25 0.278125
5 0.1875 0.74453125 0.2421875 0.2703125
5 0.42421875 0.66484375 0.23125 0.259375
2 0.8796875 0.5 0.240625 0.284375
2 0.92421875 0.7453125 0.1515625 0.271875