5 0.18359375 0.1078125 0.2671875 0.215625
4 0.43359375 0.12421875 0.2765625 0.2484375
3 0.68359375 0.14921875 0.259375 0.2703125
0 0.9046875 0.19296875 0.190625 0.2703125
4 0.153125 0.325 0.2453125 0.2671875
3 0.3984375 0.36171875 0.240625 0.2671875
3 0.646875 0.403125 0.228125 0.246875
5 0.88671875 0.4453125 0.2265625 0.259375
4 0.11015625 0.56640625 0.2203125 0.2609375
2 0.35546875 0.61171875 0.228125 0.265625
4 0.60703125 0.6609375 0.2578125 0.2578125
0 0.85546875 0.6921875 0.2328125 0.253125
3 0.0984375 0.80859375 0.196875 0.2546875
2 0.3171875 0.86484375 0.25 0.246875
2 0.58046875 0.88515625 0.2484375 0.2296875
4 0.8203125 0.89921875 0.265625 0.2015625