3 0.225 0.0890625 0.25625 0.178125
3 0.71328125 0.1734375 0.2390625 0.253125
3 0.40703125 0.35078125 0.23125 0.2453125
3 0.64453125 0.41015625 0.25 0.2671875
3 0.8890625 0.4796875 0.221875 0.253125
3 0.0890625 0.778125 0.178125 0.284375
3 0.52421875 0.875 0.2734375 0.25
0 0.46953125 0.12265625 0.2171875 0.2453125
0 0.92265625 0.2296875 0.1546875 0.253125
0 0.28515625 0.8390625 0.2296875 0.2734375
4 0.16796875 0.29453125 0.2265625 0.2609375
4 0.5828125 0.65234375 0.234375 0.26875
5 0.10859375 0.53515625 0.2171875 0.2609375
5 0.346875 0.596875 0.2171875 0.25
2 0.83515625 0.71875 0.2671875 0.271875
2 0.7671875 0.9171875 0.246875 0.165625