5 0.0859375 0.27734375 0.171875 0.3015625
4 0.25859375 0.18828125 0.30625 0.3046875
3 0.4984375 0.1265625 0.290625 0.253125
0 0.73828125 0.08671875 0.2765625 0.1734375
4 0.12421875 0.50625 0.2484375 0.290625
3 0.3453125 0.42578125 0.271875 0.2921875
3 0.5828125 0.34609375 0.2578125 0.2703125
5 0.81796875 0.26640625 0.265625 0.2828125
4 0.1765625 0.746875 0.2734375 0.2859375
2 0.425 0.66640625 0.2609375 0.2875
4 0.671875 0.59140625 0.2859375 0.2859375
0 0.88671875 0.5015625 0.2265625 0.278125
3 0.26953125 0.915625 0.2765625 0.16875
2 0.51015625 0.88515625 0.2765625 0.2296875
2 0.76015625 0.8140625 0.2765625 0.2828125
4 0.91953125 0.73359375 0.1609375 0.3015625