0 0.13828125 0.11484375 0.2484375 0.2296875
4 0.39765625 0.1171875 0.2046875 0.228125
5 0.64765625 0.13046875 0.1921875 0.2296875
5 0.890625 0.1484375 0.21875 0.240625
2 0.12890625 0.35859375 0.209375 0.246875
3 0.37890625 0.365625 0.2109375 0.2234375
2 0.628125 0.384375 0.23125 0.24375
4 0.8796875 0.39140625 0.209375 0.2421875
4 0.1140625 0.609375 0.2046875 0.23125
2 0.3640625 0.61796875 0.21875 0.2484375
0 0.621875 0.6296875 0.2234375 0.2515625
5 0.86640625 0.64609375 0.2015625 0.23125
2 0.10390625 0.8640625 0.2 0.240625
2 0.35234375 0.87421875 0.209375 0.246875
2 0.5953125 0.878125 0.20625 0.24375
5 0.8578125 0.88671875 0.20625 0.2265625