0 0.26796875 0.084375 0.3015625 0.16875
4 0.5140625 0.1203125 0.25625 0.240625
5 0.74921875 0.18984375 0.2453125 0.26875
5 0.9203125 0.278125 0.159375 0.2875
2 0.18671875 0.25625 0.265625 0.290625
3 0.4234375 0.3359375 0.2609375 0.26875
2 0.65625 0.42734375 0.284375 0.2921875
4 0.88046875 0.50703125 0.2390625 0.2859375
4 0.1140625 0.49140625 0.228125 0.2734375
2 0.33515625 0.5734375 0.275 0.29375
0 0.578125 0.66015625 0.28125 0.3
5 0.8078125 0.746875 0.2546875 0.2734375
2 0.07109375 0.73125 0.1421875 0.28125
2 0.24921875 0.8140625 0.265625 0.2890625
2 0.4796875 0.8734375 0.265625 0.253125
5 0.72578125 0.91953125 0.2640625 0.1609375