0 0.11875 0.128125 0.2359375 0.2296875
4 0.378125 0.1234375 0.1921875 0.21875
5 0.628125 0.1234375 0.1796875 0.2203125
5 0.8734375 0.128125 0.209375 0.2296875
2 0.121875 0.378125 0.196875 0.2375
3 0.371875 0.371875 0.2015625 0.2140625
2 0.621875 0.378125 0.21875 0.2328125
4 0.8734375 0.371875 0.1984375 0.2328125
4 0.1203125 0.6296875 0.19375 0.2203125
2 0.3703125 0.625 0.20625 0.2375
0 0.628125 0.6234375 0.2109375 0.2421875
5 0.8734375 0.6265625 0.1890625 0.2203125
2 0.1234375 0.884375 0.1875 0.2296875
2 0.371875 0.88125 0.196875 0.2359375
2 0.615625 0.878125 0.19375 0.24375
5 0.878125 0.8796875 0.19375 0.240625