3 0.1171875 0.1296875 0.175 0.2203125
3 0.8796875 0.134375 0.178125 0.2109375
3 0.1328125 0.38125 0.178125 0.215625
3 0.371875 0.634375 0.19375 0.2140625
5 0.3703125 0.140625 0.184375 0.2234375
5 0.371875 0.3859375 0.175 0.215625
5 0.884375 0.384375 0.1703125 0.20625
0 0.6234375 0.1296875 0.153125 0.2203125
0 0.628125 0.634375 0.1828125 0.2046875
0 0.11875 0.8796875 0.1828125 0.21875
4 0.628125 0.3765625 0.19375 0.228125
4 0.3734375 0.88125 0.175 0.21875
4 0.6171875 0.875 0.1625 0.225
2 0.121875 0.6375 0.1734375 0.2140625
2 0.8734375 0.63125 0.1625 0.2140625
2 0.875 0.8859375 0.2046875 0.225