3 0.18671875 0.09609375 0.2109375 0.1921875
3 0.915625 0.20546875 0.16875 0.2390625
3 0.159375 0.31953125 0.2125 0.24375
3 0.35078125 0.61015625 0.228125 0.24375
5 0.43359375 0.125 0.2203125 0.25
5 0.39375 0.365625 0.209375 0.2421875
5 0.8984375 0.453125 0.203125 0.2328125
0 0.6859375 0.15703125 0.1890625 0.24375
0 0.603125 0.6546875 0.215625 0.234375
0 0.08359375 0.8078125 0.1671875 0.246875
4 0.64765625 0.40078125 0.2296875 0.2578125
4 0.309375 0.853125 0.2109375 0.2453125
4 0.54921875 0.88203125 0.1984375 0.2359375
2 0.10390625 0.56875 0.2078125 0.240625
2 0.8453125 0.69375 0.196875 0.2375
2 0.80234375 0.9078125 0.2421875 0.184375