3 0.2421875 0.08203125 0.23125 0.1640625
3 0.9265625 0.26171875 0.146875 0.2546875
3 0.18359375 0.27890625 0.2328125 0.2578125
3 0.33828125 0.59140625 0.246875 0.2609375
5 0.48046875 0.1265625 0.2421875 0.253125
5 0.4109375 0.353125 0.2296875 0.2578125
5 0.8953125 0.5015625 0.209375 0.246875
0 0.7265625 0.18203125 0.2109375 0.25625
0 0.58359375 0.665625 0.234375 0.25
0 0.07109375 0.7515625 0.1421875 0.2625
4 0.65859375 0.41953125 0.2515625 0.275
4 0.2671875 0.82734375 0.23125 0.2609375
4 0.5015625 0.88046875 0.221875 0.2390625
2 0.10625 0.52109375 0.2125 0.2546875
2 0.81875 0.734375 0.2171875 0.2515625
2 0.7453125 0.9203125 0.2625 0.159375