3 0.1328125 0.128125 0.18125 0.2234375
3 0.875 0.128125 0.20625 0.2296875
3 0.1265625 0.3828125 0.175 0.2234375
3 0.6171875 0.3828125 0.2015625 0.215625
3 0.878125 0.88125 0.215625 0.2296875
5 0.384375 0.128125 0.1890625 0.228125
5 0.365625 0.3734375 0.1484375 0.2296875
5 0.634375 0.6375 0.1921875 0.21875
5 0.8828125 0.625 0.196875 0.2234375
5 0.371875 0.8828125 0.184375 0.2296875
0 0.6234375 0.128125 0.1890625 0.2109375
0 0.1203125 0.628125 0.196875 0.2328125
0 0.13125 0.8765625 0.1984375 0.2203125
4 0.865625 0.378125 0.1796875 0.2203125
4 0.621875 0.8828125 0.1703125 0.2296875
2 0.371875 0.63125 0.1390625 0.175