3 0.25546875 0.08515625 0.2390625 0.1703125
3 0.9171875 0.25546875 0.165625 0.2796875
3 0.17734375 0.27734375 0.2328125 0.265625
3 0.64765625 0.42265625 0.2546875 0.265625
3 0.74765625 0.91640625 0.2734375 0.1671875
5 0.4984375 0.1234375 0.246875 0.246875
5 0.40859375 0.33984375 0.209375 0.2625
5 0.58828125 0.67109375 0.2484375 0.265625
5 0.8296875 0.73125 0.253125 0.271875
5 0.265625 0.82890625 0.24375 0.2734375
0 0.7265625 0.18203125 0.24375 0.25625
0 0.11328125 0.51171875 0.2265625 0.2796875
0 0.08203125 0.75234375 0.1640625 0.2703125
4 0.8828125 0.490625 0.234375 0.2625
4 0.50390625 0.88359375 0.2296875 0.2328125
2 0.3390625 0.58828125 0.1828125 0.2078125