3 0.0890625 0.20546875 0.178125 0.2546875
3 0.796875 0.0984375 0.246875 0.196875
3 0.1109375 0.4546875 0.2140625 0.253125
3 0.59453125 0.3625 0.2375 0.25
3 0.90703125 0.80234375 0.1859375 0.2671875
5 0.315625 0.15703125 0.228125 0.259375
5 0.34375 0.4015625 0.190625 0.253125
5 0.6578125 0.609375 0.23125 0.2515625
5 0.890625 0.54921875 0.21875 0.2578125
5 0.446875 0.88515625 0.225 0.2296875
0 0.55078125 0.1171875 0.2265625 0.234375
0 0.1515625 0.6984375 0.2375 0.265625
0 0.209375 0.90625 0.2375 0.1875
4 0.8359375 0.3109375 0.21875 0.25
4 0.69296875 0.85234375 0.209375 0.2578125
2 0.39921875 0.653125 0.16875 0.1984375