3 0.1328125 0.128125 0.18125 0.225
3 0.875 0.128125 0.20625 0.23125
3 0.1265625 0.3828125 0.175 0.221875
3 0.6171875 0.3828125 0.203125 0.215625
3 0.878125 0.88125 0.215625 0.23125
5 0.384375 0.128125 0.1875 0.228125
5 0.365625 0.3734375 0.15 0.228125
5 0.634375 0.6375 0.19375 0.21875
5 0.8828125 0.625 0.196875 0.225
5 0.371875 0.8828125 0.184375 0.228125
0 0.6234375 0.128125 0.190625 0.2125
0 0.1203125 0.628125 0.196875 0.23125
0 0.13125 0.8765625 0.2 0.221875
4 0.865625 0.378125 0.18125 0.21875
4 0.621875 0.8828125 0.16875 0.228125
2 0.371875 0.63125 0.1375 0.175