3 0.090625 0.19765625 0.18125 0.2515625
3 0.8046875 0.1 0.24375 0.2
3 0.11171875 0.44921875 0.2109375 0.25
3 0.5953125 0.3640625 0.2359375 0.246875
3 0.90546875 0.81015625 0.1890625 0.2640625
5 0.321875 0.15390625 0.225 0.2578125
5 0.3453125 0.3984375 0.1859375 0.2515625
5 0.65625 0.61171875 0.228125 0.2484375
5 0.890625 0.55546875 0.21875 0.2546875
5 0.440625 0.88515625 0.221875 0.2296875
0 0.55703125 0.11640625 0.2234375 0.2328125
0 0.1484375 0.6921875 0.234375 0.2625
0 0.2015625 0.9046875 0.234375 0.190625
4 0.8390625 0.31640625 0.215625 0.246875
4 0.68671875 0.85546875 0.20625 0.2546875
2 0.396875 0.6515625 0.1671875 0.196875