2 0.13125 0.121875 0.2046875 0.2234375
0 0.3734375 0.140625 0.2109375 0.2140625
5 0.628125 0.125 0.240625 0.2359375
4 0.86875 0.121875 0.209375 0.2375
3 0.1203125 0.378125 0.209375 0.2359375
4 0.384375 0.38125 0.2015625 0.228125
4 0.621875 0.3796875 0.228125 0.240625
0 0.871875 0.378125 0.2109375 0.2328125
5 0.1125 0.625 0.1890625 0.2296875
4 0.371875 0.621875 0.215625 0.240625
3 0.634375 0.621875 0.209375 0.225
0 0.875 0.634375 0.21875 0.2296875
4 0.13828125 0.87734375 0.1796875 0.2453125
3 0.3765625 0.884375 0.225 0.2296875
5 0.61796875 0.88046875 0.2046875 0.2390625
3 0.890625 0.88125 0.21875 0.2359375