4 0.128125 0.128125 0.1890625 0.2234375
4 0.6125 0.128125 0.20625 0.2328125
4 0.875 0.375 0.2046875 0.2296875
4 0.86796875 0.88046875 0.1796875 0.2390625
5 0.371875 0.134375 0.2046875 0.21875
5 0.128125 0.38125 0.1890625 0.20625
5 0.3828125 0.6453125 0.1796875 0.1984375
5 0.6203125 0.88359375 0.19375 0.2328125
2 0.8796875 0.128125 0.1890625 0.2328125
2 0.6203125 0.38125 0.1578125 0.2296875
2 0.1390625 0.63125 0.1875 0.2234375
2 0.8734375 0.6296875 0.1890625 0.2296875
0 0.375 0.375 0.2046875 0.2359375
0 0.6234375 0.634375 0.178125 0.2046875
0 0.3765625 0.8859375 0.1625 0.225
3 0.1296875 0.88359375 0.1875 0.2328125