4 0.121875 0.134375 0.1921875 0.228125
4 0.60625 0.1265625 0.2109375 0.2359375
4 0.87265625 0.36875 0.209375 0.234375
4 0.87421875 0.87421875 0.184375 0.2421875
5 0.365625 0.13671875 0.209375 0.221875
5 0.12578125 0.3875 0.1921875 0.209375
5 0.38515625 0.64765625 0.1828125 0.2
5 0.62734375 0.88125 0.1984375 0.2359375
2 0.8734375 0.121875 0.19375 0.2359375
2 0.61796875 0.37890625 0.1625 0.2328125
2 0.14140625 0.6375 0.190625 0.228125
2 0.87578125 0.6234375 0.19375 0.2328125
0 0.37265625 0.37734375 0.209375 0.240625
0 0.62578125 0.63203125 0.18125 0.2078125
0 0.3828125 0.88671875 0.165625 0.2265625
3 0.13671875 0.8859375 0.1921875 0.228125