2 0.0921875 0.20625 0.184375 0.2625
0 0.3015625 0.175 0.25 0.2515625
5 0.546875 0.1234375 0.284375 0.246875
4 0.78203125 0.0953125 0.2546875 0.190625
3 0.11484375 0.459375 0.2296875 0.275
4 0.3625 0.4078125 0.24375 0.265625
4 0.59453125 0.35703125 0.2734375 0.2828125
0 0.83828125 0.303125 0.2546875 0.2703125
5 0.146875 0.703125 0.2328125 0.2640625
4 0.4 0.64609375 0.2609375 0.2796875
3 0.65703125 0.59140625 0.2515625 0.2640625
0 0.88125 0.55234375 0.2375 0.2703125
4 0.22421875 0.903125 0.2265625 0.19375
3 0.459375 0.8828125 0.26875 0.234375
5 0.69453125 0.84765625 0.25 0.2765625
3 0.91484375 0.79140625 0.1703125 0.2765625