2 0.1015625 0.16875 0.203125 0.246875
0 0.33046875 0.15859375 0.234375 0.2375
5 0.58046875 0.121875 0.2671875 0.24375
4 0.81875 0.1046875 0.2375 0.209375
3 0.11328125 0.42421875 0.2265625 0.2609375
4 0.37109375 0.39609375 0.2265625 0.2515625
4 0.60625 0.365625 0.25625 0.2671875
0 0.85390625 0.33359375 0.2390625 0.25625
5 0.13046875 0.67109375 0.215625 0.2515625
4 0.3875 0.63671875 0.24375 0.265625
3 0.6484375 0.6046875 0.2359375 0.2484375
0 0.8828125 0.58671875 0.234375 0.2546875
4 0.18671875 0.89296875 0.2078125 0.2140625
3 0.42421875 0.884375 0.2515625 0.23125
5 0.66328125 0.86328125 0.2328125 0.2625
3 0.90546875 0.83046875 0.1890625 0.2609375