4 0.090625 0.1984375 0.18125 0.253125
4 0.5453125 0.12265625 0.24375 0.2453125
4 0.84765625 0.31171875 0.2421875 0.2625
4 0.909375 0.81015625 0.18125 0.2671875
5 0.31015625 0.1625 0.240625 0.2515625
5 0.11328125 0.44765625 0.221875 0.2359375
5 0.41015625 0.66328125 0.2109375 0.225
5 0.68515625 0.85703125 0.23125 0.2625
2 0.80859375 0.09921875 0.2265625 0.1984375
2 0.59765625 0.3625 0.196875 0.2546875
2 0.1671875 0.6921875 0.2234375 0.253125
2 0.88828125 0.56171875 0.2234375 0.2578125
0 0.35546875 0.3984375 0.24375 0.26875
0 0.64453125 0.6109375 0.2109375 0.2328125
0 0.44453125 0.88828125 0.1984375 0.2234375
3 0.2015625 0.90546875 0.225 0.1890625