3 0.1046875 0.15546875 0.209375 0.2203125
4 0.35390625 0.13671875 0.240625 0.2328125
5 0.60078125 0.12734375 0.2265625 0.2359375
3 0.85078125 0.115625 0.2078125 0.215625
0 0.11875 0.39453125 0.2171875 0.246875
0 0.3703125 0.3890625 0.2359375 0.2328125
3 0.61875 0.3765625 0.2046875 0.228125
2 0.878125 0.3640625 0.2203125 0.2359375
3 0.128125 0.65390625 0.221875 0.2296875
4 0.38203125 0.63125 0.2171875 0.2203125
5 0.6359375 0.61953125 0.2296875 0.2171875
0 0.8875 0.609375 0.2234375 0.2296875
0 0.14296875 0.89140625 0.2171875 0.2171875
2 0.39453125 0.890625 0.2296875 0.21875
2 0.6390625 0.87734375 0.23125 0.2421875
4 0.89296875 0.85703125 0.2140625 0.2421875