3 0.1203125 0.1359375 0.20625 0.209375
4 0.3734375 0.1296875 0.2296875 0.2203125
5 0.6203125 0.1328125 0.215625 0.225
3 0.8703125 0.134375 0.196875 0.20625
0 0.125 0.375 0.2046875 0.2359375
0 0.3765625 0.3828125 0.225 0.2203125
3 0.625 0.3828125 0.1921875 0.21875
2 0.884375 0.384375 0.209375 0.225
3 0.1203125 0.634375 0.2109375 0.21875
4 0.375 0.625 0.20625 0.209375
5 0.6296875 0.6265625 0.21875 0.20625
0 0.88125 0.6296875 0.2109375 0.21875
0 0.1234375 0.8765625 0.20625 0.215625
2 0.375 0.8875 0.21875 0.2140625
2 0.61875 0.884375 0.21875 0.2296875
4 0.8765625 0.878125 0.20625 0.2328125