3 0.0984375 0.17734375 0.196875 0.2296875
4 0.33515625 0.1453125 0.25 0.24375
5 0.58125 0.12265625 0.2375 0.2453125
3 0.82890625 0.1046875 0.2171875 0.209375
0 0.1140625 0.4140625 0.228125 0.25625
0 0.36484375 0.39609375 0.246875 0.24375
3 0.61171875 0.3703125 0.2140625 0.2375
2 0.8703125 0.34453125 0.23125 0.2453125
3 0.13671875 0.6734375 0.23125 0.2390625
4 0.3890625 0.6375 0.2265625 0.2296875
5 0.6421875 0.6125 0.2390625 0.228125
0 0.88828125 0.58828125 0.2234375 0.2390625
0 0.1640625 0.89765625 0.228125 0.2046875
2 0.415625 0.890625 0.240625 0.21875
2 0.65859375 0.86953125 0.2421875 0.2515625
4 0.89921875 0.83671875 0.2015625 0.2515625