4 0.13125 0.1375 0.2140625 0.228125
0 0.378125 0.1359375 0.2140625 0.228125
3 0.6265625 0.1390625 0.2203125 0.225
5 0.88125 0.13125 0.1921875 0.2234375
3 0.1390625 0.38125 0.209375 0.225
3 0.3765625 0.3828125 0.25 0.2203125
2 0.6296875 0.384375 0.1875 0.2328125
3 0.86875 0.3828125 0.1875 0.225
0 0.128125 0.6375 0.196875 0.2328125
5 0.3734375 0.6375 0.2109375 0.2203125
5 0.634375 0.6359375 0.2046875 0.2203125
0 0.8796875 0.63125 0.1875 0.2375
2 0.121875 0.88125 0.2046875 0.2234375
3 0.378125 0.875 0.2046875 0.228125
5 0.6265625 0.8828125 0.215625 0.225
3 0.8796875 0.8875 0.209375 0.2140625