2 0.128125 0.128125 0.234375 0.2109375
0 0.371875 0.1234375 0.2328125 0.215625
0 0.6265625 0.125 0.2234375 0.21875
0 0.6265625 0.378125 0.228125 0.2234375
0 0.1234375 0.628125 0.2328125 0.2203125
0 0.375 0.6234375 0.2203125 0.225
0 0.6390625 0.875 0.20625 0.228125
0 0.878125 0.8734375 0.1921875 0.2296875
4 0.878125 0.121875 0.228125 0.2203125
4 0.8703125 0.621875 0.2203125 0.2328125
5 0.121875 0.3765625 0.215625 0.2203125
5 0.628125 0.625 0.225 0.2234375
5 0.378125 0.875 0.21875 0.2234375
3 0.875 0.378125 0.2078125 0.228125
3 0.134375 0.878125 0.234375 0.2328125
3 0.371875 0.371875 0.2375 0.2109375