2 0.08828125 0.26171875 0.1765625 0.2734375
0 0.26171875 0.18125 0.2875 0.2765625
0 0.50625 0.12109375 0.28125 0.2421875
0 0.5828125 0.3453125 0.2859375 0.284375
0 0.18359375 0.7390625 0.2890625 0.28125
0 0.41953125 0.65625 0.278125 0.28125
0 0.7484375 0.8140625 0.2671875 0.28125
0 0.9234375 0.73828125 0.153125 0.2765625
4 0.74296875 0.0828125 0.2859375 0.165625
4 0.87421875 0.50078125 0.2515625 0.2890625
5 0.11953125 0.49921875 0.2390625 0.2765625
5 0.659375 0.5796875 0.2828125 0.2828125
5 0.50078125 0.8765625 0.2765625 0.246875
3 0.81875 0.26796875 0.2703125 0.28125
3 0.26875 0.9125 0.296875 0.175
3 0.3390625 0.41953125 0.290625 0.2734375