2 0.26015625 0.08359375 0.2890625 0.1671875
0 0.49375 0.1203125 0.2875 0.240625
0 0.7359375 0.1828125 0.2796875 0.2765625
0 0.6578125 0.4234375 0.2859375 0.284375
0 0.1234375 0.5046875 0.246875 0.28125
0 0.34296875 0.57890625 0.278125 0.28125
0 0.51640625 0.8796875 0.2671875 0.240625
0 0.74453125 0.91640625 0.2546875 0.1671875
4 0.9171875 0.25703125 0.165625 0.2796875
4 0.81484375 0.73046875 0.28125 0.2890625
5 0.17890625 0.265625 0.2734375 0.2765625
5 0.58359375 0.65859375 0.2828125 0.2828125
5 0.26796875 0.81875 0.2765625 0.28125
3 0.88046875 0.5 0.2390625 0.28125
3 0.09140625 0.746875 0.1828125 0.29375
3 0.41796875 0.33828125 0.290625 0.275