2 0.11015625 0.1703125 0.2203125 0.234375
0 0.33359375 0.1390625 0.253125 0.2390625
0 0.58828125 0.11640625 0.2453125 0.2328125
0 0.61328125 0.365625 0.25 0.246875
0 0.140625 0.66796875 0.253125 0.24375
0 0.38828125 0.6359375 0.2421875 0.246875
0 0.67734375 0.85859375 0.2296875 0.2484375
0 0.903125 0.83203125 0.19375 0.2484375
4 0.8359375 0.10390625 0.25 0.2078125
4 0.8796875 0.5828125 0.240625 0.253125
5 0.11484375 0.41640625 0.2296875 0.2421875
5 0.6390625 0.6109375 0.246875 0.246875
5 0.41875 0.88125 0.240625 0.2375
3 0.86015625 0.33984375 0.2328125 0.2484375
3 0.175 0.89296875 0.259375 0.2140625
3 0.359375 0.3875 0.2578125 0.234375