4 0.08828125 0.2609375 0.1765625 0.28125
0 0.27734375 0.1875 0.2703125 0.28125
3 0.51484375 0.12890625 0.2765625 0.2578125
5 0.75625 0.08515625 0.25 0.1703125
3 0.1265625 0.49140625 0.253125 0.2765625
3 0.34765625 0.42421875 0.303125 0.284375
2 0.58984375 0.3515625 0.246875 0.2765625
3 0.81875 0.28046875 0.2453125 0.2703125
0 0.184375 0.73984375 0.25625 0.2796875
5 0.41953125 0.66875 0.265625 0.271875
5 0.66796875 0.590625 0.2609375 0.271875
0 0.88828125 0.5140625 0.2234375 0.28125
2 0.25 0.91875 0.2625 0.1625
3 0.4921875 0.87734375 0.2625 0.2453125
5 0.7328125 0.82890625 0.271875 0.278125
3 0.92265625 0.759375 0.1546875 0.265625