2 0.0921875 0.2359375 0.184375 0.265625
0 0.27890625 0.16953125 0.2796875 0.26875
0 0.525 0.11953125 0.271875 0.2390625
0 0.590625 0.34921875 0.278125 0.275
0 0.16953125 0.72109375 0.2828125 0.271875
0 0.4109375 0.6515625 0.2703125 0.2734375
0 0.73125 0.8265625 0.2578125 0.2734375
0 0.91953125 0.76171875 0.1609375 0.2703125
4 0.76640625 0.0859375 0.2765625 0.171875
4 0.87578125 0.521875 0.2484375 0.28125
5 0.11796875 0.478125 0.2359375 0.26875
5 0.65625 0.5875 0.275 0.275
5 0.4796875 0.878125 0.26875 0.24375
3 0.83046875 0.28515625 0.259375 0.2734375
3 0.24453125 0.90859375 0.2859375 0.1828125
3 0.34296875 0.409375 0.284375 0.265625