3 0.1453125 0.04765625 0.0765625 0.078125
3 0.34296875 0.08125 0.075 0.075
3 0.54375 0.09609375 0.075 0.075
3 0.7421875 0.1265625 0.0796875 0.0796875
3 0.9359375 0.15 0.0765625 0.0828125
3 0.11875 0.25390625 0.071875 0.075
3 0.32890625 0.271875 0.075 0.0828125
3 0.5171875 0.30703125 0.0875 0.0828125
3 0.7140625 0.31484375 0.0765625 0.090625
3 0.91953125 0.33359375 0.08125 0.0796875
3 0.8921875 0.53828125 0.0890625 0.096875
3 0.696875 0.509375 0.075 0.0796875
3 0.5 0.4875 0.071875 0.075
3 0.29921875 0.46796875 0.0921875 0.08125
3 0.10234375 0.45625 0.075 0.078125
3 0.0796875 0.64609375 0.084375 0.0890625
3 0.2796875 0.6796875 0.0828125 0.0921875
3 0.48046875 0.68828125 0.0765625 0.0796875
3 0.68046875 0.7234375 0.0828125 0.0953125
3 0.87578125 0.734375 0.0765625 0.090625
3 0.0609375 0.8375 0.0609375 0.0734375
3 0.25703125 0.871875 0.0828125 0.0921875
3 0.45546875 0.89609375 0.075 0.075
3 0.65703125 0.915625 0.0765625 0.0875
3 0.85703125 0.93046875 0.0703125 0.0796875