3 0.1296875 0.0609375 0.0734375 0.0765625
3 0.328125 0.08671875 0.071875 0.0734375
3 0.5296875 0.09453125 0.0734375 0.071875
3 0.72890625 0.11796875 0.0765625 0.0765625
3 0.9234375 0.13515625 0.0734375 0.0796875
3 0.1109375 0.26796875 0.06875 0.0734375
3 0.32109375 0.27734375 0.0734375 0.0796875
3 0.51015625 0.30625 0.0859375 0.0796875
3 0.7078125 0.3078125 0.0734375 0.0890625
3 0.91328125 0.31875 0.0796875 0.0765625
3 0.89296875 0.52421875 0.0859375 0.09375
3 0.696875 0.503125 0.0734375 0.0765625
3 0.49921875 0.4875 0.06875 0.071875
3 0.2984375 0.475 0.0890625 0.078125
3 0.10078125 0.4703125 0.0734375 0.0765625
3 0.084375 0.66015625 0.08125 0.0859375
3 0.28671875 0.6875 0.0796875 0.0890625
3 0.48671875 0.68828125 0.0734375 0.0765625
3 0.68828125 0.7171875 0.0796875 0.09375
3 0.88359375 0.72109375 0.075 0.0890625
3 0.07265625 0.85234375 0.0578125 0.071875
3 0.26953125 0.88046875 0.0796875 0.0890625
3 0.46875 0.896875 0.0734375 0.0734375
3 0.671875 0.91015625 0.075 0.0859375
3 0.871875 0.9171875 0.06875 0.078125