3 0.1 0.0875 0.06875 0.071875
3 0.3 0.1 0.0671875 0.06875
3 0.5015625 0.09375 0.06875 0.0671875
3 0.7015625 0.103125 0.071875 0.071875
3 0.896875 0.10625 0.06875 0.0765625
3 0.0953125 0.2953125 0.0640625 0.06875
3 0.30625 0.290625 0.0671875 0.0765625
3 0.496875 0.30625 0.0796875 0.0734375
3 0.69375 0.29375 0.0671875 0.084375
3 0.9 0.290625 0.0734375 0.071875
3 0.89375 0.496875 0.0796875 0.0890625
3 0.696875 0.4890625 0.0671875 0.0734375
3 0.4984375 0.4875 0.0640625 0.0671875
3 0.296875 0.4890625 0.084375 0.0734375
3 0.1 0.4984375 0.0671875 0.071875
3 0.096875 0.6890625 0.0765625 0.08125
3 0.3 0.7015625 0.0734375 0.084375
3 0.5 0.6890625 0.06875 0.0734375
3 0.703125 0.703125 0.0734375 0.0890625
3 0.8984375 0.69375 0.06875 0.084375
3 0.0984375 0.88125 0.0546875 0.0671875
3 0.296875 0.8953125 0.0734375 0.084375
3 0.496875 0.8984375 0.06875 0.06875
3 0.7 0.896875 0.06875 0.08125
3 0.9 0.890625 0.0640625 0.0734375