3 0.03359375 0.15234375 0.0671875 0.075
3 0.21953125 0.115625 0.140625 0.1703125
3 0.37890625 0.11484375 0.05625 0.0625
3 0.53203125 0.05546875 0.0328125 0.0453125
3 0.8609375 0.0453125 0.078125 0.090625
3 0.05234375 0.3 0.071875 0.0671875
3 0.21640625 0.2703125 0.090625 0.096875
3 0.3875 0.24921875 0.0703125 0.075
3 0.565625 0.22421875 0.115625 0.1234375
3 0.715625 0.215625 0.059375 0.0609375
3 0.86328125 0.2015625 0.0671875 0.0921875
3 0.05703125 0.47109375 0.1140625 0.1734375
3 0.23359375 0.43515625 0.125 0.1203125
3 0.43046875 0.4203125 0.1265625 0.175
3 0.578125 0.42109375 0.1203125 0.128125
3 0.73046875 0.36484375 0.046875 0.0578125
3 0.91328125 0.3546875 0.153125 0.1640625
3 0.1046875 0.62734375 0.10625 0.10625
3 0.2640625 0.603125 0.0828125 0.08125
3 0.4203125 0.60390625 0.05625 0.0625
3 0.58125 0.5734375 0.0578125 0.078125
3 0.7203125 0.553125 0.0984375 0.15625
3 0.9109375 0.540625 0.078125 0.0875
3 0.09296875 0.803125 0.128125 0.1609375
3 0.26953125 0.77890625 0.05625 0.0703125
3 0.46171875 0.753125 0.15 0.1765625
3 0.60390625 0.7328125 0.1046875 0.1046875
3 0.77265625 0.721875 0.090625 0.0953125
3 0.95 0.70625 0.0953125 0.1046875
3 0.95546875 0.85859375 0.0890625 0.1265625
3 0.825 0.87578125 0.1375 0.1875
3 0.653125 0.9 0.140625 0.1796875
3 0.4546875 0.92421875 0.0625 0.06875
3 0.31875 0.93125 0.1296875 0.1265625
3 0.1328125 0.94375 0.0578125 0.0703125