3 0.1015625 0.07734375 0.0625 0.071875
3 0.28984375 0.0765625 0.1296875 0.153125
3 0.44765625 0.1 0.053125 0.059375
3 0.60859375 0.06796875 0.0296875 0.04375
3 0.93515625 0.1140625 0.0734375 0.0890625
3 0.09375 0.225 0.0671875 0.0625
3 0.2609375 0.225 0.084375 0.0921875
3 0.4328125 0.23359375 0.0671875 0.071875
3 0.6125 0.23984375 0.109375 0.1171875
3 0.76171875 0.25703125 0.05625 0.0578125
3 0.909375 0.26953125 0.0609375 0.0875
3 0.0671875 0.39453125 0.1078125 0.1671875
3 0.24921875 0.38984375 0.1171875 0.1125
3 0.4453125 0.409375 0.115625 0.1671875
3 0.590625 0.4359375 0.1125 0.1203125
3 0.75078125 0.40703125 0.04375 0.0546875
3 0.93046875 0.428125 0.1390625 0.15625
3 0.08828125 0.55703125 0.1015625 0.1
3 0.25 0.56015625 0.078125 0.0765625
3 0.403125 0.5890625 0.053125 0.059375
3 0.5671875 0.58671875 0.053125 0.075
3 0.7078125 0.590625 0.0875 0.1515625
3 0.89765625 0.61171875 0.0734375 0.084375
3 0.053125 0.728125 0.10625 0.153125
3 0.225 0.734375 0.053125 0.0671875
3 0.41875 0.74296875 0.1390625 0.16875
3 0.5625 0.74765625 0.0984375 0.0984375
3 0.73046875 0.765625 0.084375 0.090625
3 0.9078125 0.78125 0.0890625 0.0984375
3 0.896875 0.93359375 0.1 0.1203125
3 0.7546875 0.91796875 0.125 0.1640625
3 0.58046875 0.9171875 0.1296875 0.165625
3 0.38125 0.91015625 0.059375 0.065625
3 0.24609375 0.89375 0.121875 0.11875
3 0.0609375 0.87265625 0.053125 0.0671875