3 0.0796875 0.0984375 0.059375 0.06875
3 0.26875 0.084375 0.121875 0.1578125
3 0.4265625 0.103125 0.05 0.0578125
3 0.5859375 0.0625 0.028125 0.0421875
3 0.9140625 0.0921875 0.06875 0.0859375
3 0.0796875 0.246875 0.0640625 0.059375
3 0.246875 0.2375 0.0796875 0.0890625
3 0.41875 0.2375 0.0640625 0.0671875
3 0.5984375 0.234375 0.103125 0.1109375
3 0.7484375 0.24375 0.053125 0.0546875
3 0.896875 0.2484375 0.0578125 0.0859375
3 0.0625 0.4171875 0.0984375 0.1625
3 0.24375 0.403125 0.1125 0.1078125
3 0.440625 0.4125 0.1078125 0.1625
3 0.5875 0.43125 0.1078125 0.115625
3 0.7453125 0.39375 0.0421875 0.053125
3 0.928125 0.40625 0.1359375 0.1484375
3 0.0921875 0.578125 0.0953125 0.0953125
3 0.253125 0.5734375 0.0734375 0.0734375
3 0.4078125 0.59375 0.05 0.0578125
3 0.571875 0.5828125 0.05 0.0734375
3 0.7125 0.5796875 0.0796875 0.1484375
3 0.903125 0.590625 0.06875 0.0796875
3 0.059375 0.7515625 0.1109375 0.1484375
3 0.2375 0.7484375 0.0484375 0.0640625
3 0.43125 0.746875 0.13125 0.1625
3 0.575 0.74375 0.09375 0.09375
3 0.74375 0.753125 0.0796875 0.0859375
3 0.921875 0.759375 0.084375 0.0953125
3 0.91875 0.9125 0.09375 0.115625
3 0.7765625 0.9125 0.1171875 0.1734375
3 0.603125 0.915625 0.121875 0.165625
3 0.403125 0.915625 0.0546875 0.0625
3 0.2671875 0.90625 0.1171875 0.1125
3 0.08125 0.8953125 0.05 0.0640625