3 0.0859375 0.78046875 0.171875 0.2671875
3 0.54765625 0.8859375 0.2265625 0.228125
3 0.60390625 0.65390625 0.2390625 0.2625
3 0.8953125 0.4671875 0.209375 0.25
3 0.1625 0.31484375 0.23125 0.24375
3 0.4125 0.3578125 0.2296875 0.2390625
0 0.11875 0.546875 0.228125 0.25
5 0.23125 0.0953125 0.23125 0.190625
3 0.66171875 0.41875 0.221875 0.24375
3 0.91953125 0.234375 0.1609375 0.25625
2 0.3203125 0.8484375 0.225 0.2453125
3 0.775 0.915625 0.1875 0.16875
2 0.8421875 0.7125 0.228125 0.2625
4 0.36640625 0.60703125 0.25 0.2484375
4 0.471875 0.115625 0.21875 0.23125
4 0.71875 0.171875 0.2671875 0.2765625