4 0.15390625 0.1109375 0.190625 0.1984375
4 0.39296875 0.121875 0.1671875 0.2078125
4 0.646875 0.12109375 0.1671875 0.1875
4 0.11328125 0.86015625 0.1578125 0.2171875
4 0.12734375 0.62109375 0.1640625 0.1703125
4 0.3765625 0.6453125 0.165625 0.1875
5 0.89765625 0.1375 0.159375 0.2015625
5 0.13515625 0.36171875 0.178125 0.2015625
4 0.6265625 0.65234375 0.1671875 0.1984375
3 0.3796875 0.375 0.1875 0.19375
3 0.3578125 0.87734375 0.159375 0.175
2 0.61328125 0.90859375 0.1828125 0.1828125
5 0.8484375 0.89375 0.159375 0.18125
2 0.87265625 0.64609375 0.1640625 0.2171875
0 0.88046875 0.40078125 0.196875 0.190625
0 0.64375 0.38515625 0.1921875 0.225