5 0.09765625 0.184375 0.1953125 0.225
5 0.37265625 0.39921875 0.2171875 0.196875
2 0.33125 0.15234375 0.1890625 0.2015625
2 0.86640625 0.33203125 0.20625 0.2265625
3 0.584375 0.11484375 0.225 0.2296875
3 0.17265625 0.9078125 0.2109375 0.184375
4 0.83125 0.08671875 0.203125 0.1734375
4 0.1125 0.4203125 0.203125 0.2140625
4 0.153125 0.6640625 0.209375 0.215625
4 0.63984375 0.60234375 0.1640625 0.190625
4 0.91015625 0.82578125 0.1796875 0.2390625
4 0.6765625 0.859375 0.196875 0.2203125
4 0.3875 0.63828125 0.1953125 0.209375
4 0.41875 0.890625 0.228125 0.21875
3 0.61953125 0.36875 0.203125 0.221875