5 0.309375 0.15390625 0.2125 0.2328125
5 0.4375 0.8921875 0.2125 0.215625
0 0.88828125 0.57421875 0.2109375 0.2265625
0 0.56328125 0.1203125 0.2171875 0.240625
4 0.0953125 0.184375 0.190625 0.221875
4 0.12109375 0.42421875 0.225 0.246875
4 0.37109375 0.396875 0.2046875 0.2296875
4 0.60234375 0.36640625 0.1953125 0.2046875
4 0.86875 0.31171875 0.1984375 0.1953125
4 0.7046875 0.86328125 0.1875 0.21875
4 0.91953125 0.82265625 0.1609375 0.1984375
4 0.4109375 0.6546875 0.190625 0.2203125
0 0.15859375 0.68984375 0.2140625 0.23125
3 0.17890625 0.90390625 0.2171875 0.1921875
2 0.64453125 0.61171875 0.2046875 0.234375
2 0.82265625 0.08515625 0.2015625 0.1703125