2 0.0890625 0.19453125 0.178125 0.2265625
2 0.59296875 0.1171875 0.2328125 0.234375
2 0.11796875 0.43203125 0.1953125 0.228125
2 0.6125 0.3671875 0.2125 0.2125
0 0.33125 0.1515625 0.2 0.215625
0 0.37265625 0.40078125 0.2265625 0.2265625
0 0.86015625 0.321875 0.1578125 0.1734375
5 0.83515625 0.103125 0.1890625 0.20625
5 0.39609375 0.6375 0.2265625 0.23125
5 0.44453125 0.8921875 0.2078125 0.215625
5 0.6578125 0.60234375 0.2 0.21875
5 0.6984375 0.85390625 0.19375 0.21875
5 0.15078125 0.68828125 0.21875 0.21875
3 0.89609375 0.5765625 0.1953125 0.215625
3 0.18125 0.90625 0.209375 0.1875
4 0.91640625 0.82421875 0.1671875 0.2265625