2 0.24375 0.08046875 0.253125 0.1609375
2 0.7515625 0.1953125 0.2609375 0.2640625
2 0.18671875 0.271875 0.2234375 0.2484375
2 0.659375 0.43046875 0.2359375 0.2375
0 0.50078125 0.115625 0.2265625 0.23125
0 0.42890625 0.35546875 0.253125 0.253125
0 0.9015625 0.49765625 0.178125 0.190625
5 0.93515625 0.28046875 0.1296875 0.2453125
5 0.34609375 0.578125 0.253125 0.25625
5 0.27734375 0.83203125 0.2359375 0.246875
5 0.596875 0.66171875 0.2265625 0.240625
5 0.52265625 0.8921875 0.2203125 0.215625
5 0.1125 0.515625 0.225 0.24375
3 0.821875 0.74296875 0.221875 0.2359375
3 0.071875 0.7453125 0.14375 0.253125
4 0.74296875 0.928125 0.2203125 0.14375