3 0.60390625 0.36015625 0.25 0.246875
3 0.30546875 0.17109375 0.2296875 0.24375
3 0.1703125 0.70625 0.221875 0.221875
5 0.859375 0.3125 0.240625 0.2546875
5 0.23203125 0.91484375 0.2265625 0.1703125
5 0.0859375 0.2328125 0.171875 0.2375
3 0.11796875 0.459375 0.2359375 0.240625
5 0.41640625 0.64609375 0.2359375 0.2375
5 0.66015625 0.59765625 0.2265625 0.2296875
0 0.8890625 0.5578125 0.221875 0.20625
2 0.48046875 0.87734375 0.2546875 0.2453125
4 0.3703125 0.403125 0.1984375 0.228125
4 0.78359375 0.0890625 0.2015625 0.178125
4 0.921875 0.79296875 0.15625 0.2453125
4 0.71640625 0.83984375 0.2578125 0.2703125
0 0.5421875 0.1125 0.24375 0.225