2 0.246875 0.0921875 0.275 0.184375
2 0.1765625 0.27421875 0.234375 0.2703125
2 0.92421875 0.2546875 0.1515625 0.259375
3 0.4078125 0.346875 0.2734375 0.265625
5 0.88671875 0.496875 0.2265625 0.265625
2 0.27421875 0.82734375 0.2625 0.2703125
0 0.72421875 0.18203125 0.228125 0.2578125
5 0.8296875 0.734375 0.2421875 0.2671875
2 0.07890625 0.7625 0.1578125 0.253125
4 0.5890625 0.65546875 0.24375 0.2578125
4 0.5171875 0.8875 0.25 0.225
0 0.7640625 0.92578125 0.253125 0.1484375
4 0.1109375 0.51953125 0.221875 0.2421875
4 0.33984375 0.59375 0.25 0.253125
3 0.48125 0.1234375 0.259375 0.246875