4 0.090625 0.20625 0.18125 0.259375
4 0.79921875 0.10078125 0.2484375 0.2015625
4 0.20703125 0.91171875 0.2421875 0.1765625
5 0.85859375 0.3078125 0.25 0.2359375
5 0.6140625 0.36640625 0.2296875 0.228125
5 0.565625 0.115625 0.234375 0.23125
5 0.45546875 0.88984375 0.2234375 0.2203125
5 0.165625 0.71171875 0.2359375 0.2359375
3 0.40234375 0.65078125 0.246875 0.234375
4 0.32421875 0.15234375 0.246875 0.25
4 0.11875 0.4484375 0.2375 0.2578125
0 0.36171875 0.4109375 0.2421875 0.2453125
0 0.89609375 0.55703125 0.2078125 0.2390625
2 0.92265625 0.80859375 0.1546875 0.2390625
4 0.65390625 0.60234375 0.2515625 0.2578125
4 0.70390625 0.8453125 0.25 0.271875