3 0.1265625 0.128125 0.196875 0.1984375
3 0.13125 0.375 0.184375 0.203125
4 0.871875 0.884375 0.1890625 0.1984375
4 0.6265625 0.890625 0.225 0.20625
4 0.865625 0.646875 0.184375 0.20625
4 0.375 0.128125 0.184375 0.2203125
4 0.375 0.3828125 0.2125 0.2296875
0 0.871875 0.384375 0.196875 0.20625
2 0.3828125 0.878125 0.2296875 0.2203125
5 0.128125 0.621875 0.184375 0.215625
5 0.3734375 0.628125 0.2015625 0.2078125
5 0.634375 0.3796875 0.2015625 0.20625
5 0.621875 0.6203125 0.1890625 0.225
2 0.878125 0.128125 0.2015625 0.1984375
4 0.634375 0.13125 0.196875 0.215625
4 0.125 0.878125 0.2078125 0.215625