2 0.8671875 0.884375 0.1625 0.2296875
2 0.88125 0.628125 0.1875 0.2296875
2 0.8828125 0.3875 0.1875 0.2140625
5 0.8875 0.1375 0.2015625 0.2359375
4 0.384375 0.128125 0.1875 0.20625
4 0.6328125 0.125 0.1875 0.215625
4 0.6390625 0.375 0.178125 0.215625
4 0.6359375 0.63125 0.209375 0.20625
4 0.38125 0.6453125 0.20625 0.196875
4 0.38125 0.8875 0.165625 0.2015625
2 0.134375 0.878125 0.2046875 0.2015625
2 0.63125 0.871875 0.1921875 0.2015625
0 0.1359375 0.6375 0.1671875 0.2046875
0 0.1265625 0.1328125 0.184375 0.21875
3 0.1265625 0.378125 0.209375 0.2046875
3 0.375 0.38125 0.2015625 0.2109375