3 0.1265625 0.1265625 0.19375 0.215625
3 0.375 0.128125 0.1828125 0.209375
3 0.634375 0.121875 0.19375 0.2140625
3 0.8796875 0.1328125 0.19375 0.184375
3 0.365625 0.3703125 0.2109375 0.225
3 0.8796875 0.63125 0.2203125 0.2109375
4 0.121875 0.375 0.2140625 0.225
4 0.871875 0.38125 0.184375 0.2109375
3 0.3828125 0.628125 0.215625 0.215625
0 0.128125 0.88125 0.1921875 0.2234375
0 0.371875 0.88125 0.184375 0.21875
2 0.628125 0.6265625 0.2328125 0.21875
2 0.878125 0.884375 0.2140625 0.209375
0 0.628125 0.875 0.2328125 0.2140625
4 0.1234375 0.628125 0.2203125 0.2296875
4 0.628125 0.378125 0.215625 0.209375