5 0.1140625 0.41328125 0.228125 0.2484375
3 0.646875 0.61015625 0.221875 0.24375
3 0.42265625 0.88515625 0.2109375 0.2296875
5 0.36328125 0.396875 0.2265625 0.2390625
2 0.87734375 0.340625 0.2171875 0.228125
2 0.903125 0.58203125 0.19375 0.2109375
0 0.85390625 0.103125 0.2140625 0.20625
4 0.09609375 0.16953125 0.1921875 0.2296875
4 0.32734375 0.13984375 0.21875 0.2171875
4 0.5890625 0.11953125 0.253125 0.2359375
4 0.621875 0.35703125 0.2265625 0.2265625
4 0.14140625 0.67890625 0.2109375 0.2015625
4 0.196875 0.903125 0.2 0.19375
4 0.39765625 0.64609375 0.24375 0.2109375
4 0.675 0.86484375 0.1984375 0.2234375
4 0.8984375 0.83046875 0.203125 0.2359375