5 0.365625 0.128125 0.1828125 0.20625
5 0.3765625 0.8796875 0.184375 0.19375
0 0.871875 0.634375 0.1828125 0.2015625
0 0.6234375 0.13125 0.184375 0.2234375
4 0.134375 0.1234375 0.19375 0.19375
4 0.1375 0.365625 0.1921875 0.21875
4 0.3890625 0.378125 0.175 0.2046875
4 0.621875 0.384375 0.1703125 0.1796875
4 0.89375 0.371875 0.1734375 0.1703125
4 0.6453125 0.890625 0.1578125 0.196875
4 0.88125 0.8875 0.1703125 0.1734375
4 0.3875 0.6390625 0.1625 0.196875
0 0.1328125 0.634375 0.184375 0.2046875
3 0.115625 0.878125 0.184375 0.225
2 0.625 0.6328125 0.1734375 0.2109375
2 0.8875 0.1203125 0.1734375 0.1890625