4 0.09375 0.19140625 0.1875 0.2546875
4 0.81484375 0.1046875 0.2421875 0.209375
4 0.19296875 0.9078125 0.2359375 0.184375
5 0.865625 0.3203125 0.24375 0.2296875
5 0.61875 0.3703125 0.225 0.221875
5 0.5796875 0.115625 0.228125 0.23125
5 0.44140625 0.88984375 0.2171875 0.2203125
5 0.15859375 0.7 0.2296875 0.2296875
3 0.396875 0.64765625 0.2421875 0.228125
4 0.33671875 0.14609375 0.240625 0.24375
4 0.12109375 0.43515625 0.2296875 0.253125
0 0.36484375 0.40625 0.2359375 0.2390625
0 0.89609375 0.57109375 0.2078125 0.2328125
2 0.91875 0.8234375 0.1625 0.234375
4 0.65 0.6078125 0.2453125 0.2515625
4 0.6921875 0.85234375 0.24375 0.2671875