3 0.46171875 0.11015625 0.2859375 0.2203125
3 0.8859375 0.45078125 0.228125 0.2578125
5 0.84765625 0.7 0.2 0.21875
5 0.090625 0.78515625 0.18125 0.2109375
3 0.91171875 0.20625 0.1765625 0.228125
3 0.20859375 0.090625 0.2203125 0.18125
2 0.7046875 0.175 0.2109375 0.2765625
2 0.8015625 0.915625 0.209375 0.16875
4 0.15703125 0.325 0.2046875 0.240625
4 0.403125 0.384375 0.2296875 0.2734375
4 0.11328125 0.55859375 0.203125 0.221875
4 0.36015625 0.63046875 0.2234375 0.2421875
4 0.33359375 0.85 0.23125 0.2171875
4 0.61015625 0.65234375 0.221875 0.225
4 0.6484375 0.4234375 0.2140625 0.225
2 0.55390625 0.88125 0.2453125 0.2375