3 0.07734375 0.259375 0.1546875 0.265625
3 0.26640625 0.18515625 0.2375 0.2546875
3 0.5109375 0.11484375 0.25 0.2296875
3 0.746875 0.07578125 0.240625 0.1515625
3 0.33203125 0.41796875 0.2703125 0.2796875
3 0.88203125 0.50703125 0.2359375 0.2703125
4 0.11875 0.49765625 0.2375 0.2796875
4 0.8171875 0.271875 0.240625 0.2578125
3 0.428125 0.6578125 0.271875 0.271875
0 0.2640625 0.9203125 0.253125 0.159375
0 0.49609375 0.884375 0.2421875 0.23125
2 0.6609375 0.58046875 0.2875 0.2796875
2 0.921875 0.7484375 0.15625 0.265625
0 0.7375 0.8171875 0.2859375 0.275
4 0.18125 0.73828125 0.28125 0.2875
4 0.584375 0.34453125 0.2703125 0.265625