3 0.33671875 0.14375 0.2125 0.2375
3 0.39453125 0.65625 0.215625 0.2203125
3 0.42109375 0.8875 0.2359375 0.225
5 0.85234375 0.31953125 0.20625 0.23125
5 0.1578125 0.66015625 0.2375 0.234375
3 0.5921875 0.1203125 0.2125 0.2375
3 0.1296875 0.42265625 0.2140625 0.234375
3 0.18359375 0.91171875 0.2140625 0.1765625
5 0.375 0.40390625 0.20625 0.2265625
5 0.6390625 0.63125 0.1984375 0.2328125
4 0.68203125 0.86484375 0.2140625 0.23125
4 0.89609375 0.84609375 0.2078125 0.2359375
4 0.89375 0.58046875 0.2125 0.2265625
4 0.1 0.17109375 0.2 0.2296875
4 0.6125 0.36484375 0.225 0.246875
4 0.8484375 0.1015625 0.225 0.203125