2 0.1234375 0.1265625 0.246875 0.23125
2 0.371875 0.371875 0.2140625 0.215625
2 0.121875 0.365625 0.2234375 0.225
4 0.63125 0.1265625 0.225 0.228125
4 0.878125 0.1234375 0.2359375 0.228125
4 0.628125 0.628125 0.178125 0.19375
4 0.8828125 0.38125 0.21875 0.2015625
4 0.3796875 0.13125 0.184375 0.2234375
3 0.8765625 0.634375 0.20625 0.196875
2 0.628125 0.39375 0.228125 0.1890625
0 0.128125 0.89375 0.1703125 0.1828125
3 0.3875 0.6203125 0.2046875 0.19375
4 0.378125 0.8859375 0.196875 0.225
4 0.621875 0.8875 0.19375 0.2234375
5 0.89921875 0.89609375 0.1984375 0.2078125
0 0.1296875 0.6421875 0.2421875 0.20625