3 0.3859375 0.1140625 0.2515625 0.1984375
3 0.871875 0.378125 0.19375 0.225
5 0.8796875 0.6296875 0.1671875 0.1890625
5 0.134375 0.8625 0.1875 0.178125
3 0.86875 0.1296875 0.184375 0.196875
3 0.1328125 0.134375 0.1875 0.1890625
2 0.6390625 0.1421875 0.165625 0.25
2 0.8796875 0.86875 0.1796875 0.175
4 0.1296875 0.39375 0.1671875 0.2140625
4 0.3828125 0.4046875 0.1875 0.2421875
4 0.13125 0.63125 0.1703125 0.1921875
4 0.3875 0.6546875 0.1875 0.2109375
4 0.403125 0.875 0.2015625 0.1828125
4 0.6375 0.628125 0.1890625 0.1921875
4 0.63125 0.396875 0.1796875 0.19375
2 0.628125 0.875 0.2046875 0.225