4 0.08671875 0.21328125 0.1734375 0.2234375
4 0.29921875 0.1625 0.19375 0.228125
4 0.54296875 0.1 0.1921875 0.2
4 0.21875 0.91484375 0.1875 0.1703125
4 0.171875 0.71328125 0.1859375 0.190625
4 0.41875 0.67265625 0.190625 0.2078125
5 0.78984375 0.078125 0.1859375 0.15625
5 0.11171875 0.4609375 0.2046875 0.225
4 0.66171875 0.6140625 0.19375 0.21875
3 0.3515625 0.41015625 0.2125 0.2171875
3 0.4609375 0.9015625 0.1828125 0.1953125
2 0.715625 0.86796875 0.2078125 0.2109375
5 0.92265625 0.78984375 0.1546875 0.2015625
2 0.89765625 0.54453125 0.19375 0.2375
0 0.8421875 0.30625 0.221875 0.215625
0 0.609375 0.35234375 0.221875 0.2484375