3 0.125 0.36875 0.2109375 0.2375
3 0.628125 0.384375 0.184375 0.2203125
3 0.3890625 0.628125 0.1890625 0.2140625
3 0.896875 0.8765625 0.196875 0.20625
3 0.121875 0.625 0.2015625 0.20625
5 0.4 0.378125 0.1890625 0.2328125
5 0.63125 0.6265625 0.2359375 0.2296875
5 0.6375 0.1125 0.2109375 0.2140625
4 0.3875 0.128125 0.1875 0.21875
4 0.88125 0.1390625 0.1734375 0.2375
4 0.6375 0.884375 0.19375 0.2203125
2 0.88125 0.3859375 0.175 0.20625
2 0.8875 0.6328125 0.1875 0.209375
2 0.125 0.8703125 0.1984375 0.20625
2 0.375 0.896875 0.1890625 0.1734375
4 0.14375 0.1375 0.19375 0.2046875