2 0.1125 0.1375 0.2015625 0.2015625
2 0.6453125 0.1328125 0.20625 0.2109375
2 0.13125 0.3796875 0.1671875 0.20625
2 0.6296875 0.384375 0.1875 0.1890625
0 0.38125 0.13125 0.175 0.19375
0 0.3875 0.384375 0.2015625 0.2015625
0 0.88125 0.3734375 0.1359375 0.15625
5 0.8890625 0.14375 0.1625 0.2046875
5 0.378125 0.621875 0.1984375 0.2046875
5 0.390625 0.884375 0.1828125 0.2015625
5 0.6421875 0.6234375 0.175 0.196875
5 0.646875 0.878125 0.1671875 0.196875
5 0.128125 0.6375 0.1921875 0.19375
3 0.88125 0.63125 0.1703125 0.19375
3 0.125 0.8796875 0.1828125 0.20625
4 0.8796875 0.88125 0.165625 0.2046875