2 0.85390625 0.8890625 0.1703125 0.221875
2 0.8765625 0.64140625 0.1953125 0.2375
2 0.88671875 0.40078125 0.1953125 0.2203125
5 0.89765625 0.1515625 0.2046875 0.24375
4 0.39765625 0.12421875 0.1953125 0.2125
4 0.64609375 0.1296875 0.1953125 0.221875
4 0.64296875 0.3796875 0.1859375 0.221875
4 0.63125 0.6359375 0.2171875 0.2140625
4 0.3765625 0.64140625 0.2125 0.2046875
4 0.36796875 0.8828125 0.171875 0.20625
2 0.12109375 0.86484375 0.2125 0.2078125
2 0.61796875 0.8765625 0.2 0.2078125
0 0.13125 0.625 0.1734375 0.2109375
0 0.13984375 0.1203125 0.1921875 0.225
3 0.13125 0.36484375 0.2171875 0.2125
3 0.37890625 0.37734375 0.2078125 0.21875