2 0.5828125 0.88046875 0.2328125 0.2296875
2 0.64609375 0.1328125 0.2265625 0.2515625
3 0.88359375 0.66328125 0.2171875 0.2515625
3 0.8390625 0.89453125 0.225 0.2109375
3 0.3515625 0.8765625 0.209375 0.2375
3 0.88515625 0.4078125 0.2265625 0.2203125
3 0.64453125 0.40234375 0.228125 0.2296875
4 0.89453125 0.1515625 0.2109375 0.228125
4 0.37890625 0.6203125 0.2484375 0.2578125
4 0.153125 0.109375 0.234375 0.21875
4 0.41875 0.1203125 0.225 0.2359375
4 0.40234375 0.36953125 0.2203125 0.2203125
0 0.15 0.35625 0.2140625 0.2203125
5 0.12578125 0.60703125 0.1984375 0.23125
5 0.09921875 0.85 0.1984375 0.2375