4 0.134375 0.128125 0.1921875 0.2046875
4 0.134375 0.38125 0.165625 0.2140625
4 0.621875 0.9 0.1703125 0.1984375
5 0.3796875 0.1421875 0.165625 0.196875
5 0.115625 0.8875 0.184375 0.21875
5 0.8859375 0.6421875 0.165625 0.215625
3 0.61875 0.1296875 0.1875 0.2109375
3 0.121875 0.634375 0.1578125 0.2015625
3 0.38125 0.8796875 0.1734375 0.21875
3 0.621875 0.409375 0.175 0.1734375
5 0.6328125 0.6265625 0.1625 0.184375
0 0.3765625 0.3734375 0.175 0.1875
0 0.8796875 0.1421875 0.1875 0.196875
0 0.88125 0.36875 0.19375 0.1875
2 0.390625 0.625 0.1734375 0.2046875
2 0.8765625 0.884375 0.175 0.1890625