3 0.11875 0.8765625 0.2140625 0.225
3 0.6375 0.88125 0.1796875 0.225
3 0.6359375 0.6265625 0.19375 0.225
3 0.884375 0.378125 0.178125 0.215625
3 0.1296875 0.3953125 0.1890625 0.20625
3 0.3828125 0.38125 0.1890625 0.2015625
0 0.1390625 0.63125 0.184375 0.2140625
5 0.1421875 0.140625 0.1890625 0.20625
3 0.6390625 0.384375 0.1796875 0.209375
3 0.88125 0.1390625 0.1828125 0.2203125
2 0.403125 0.8796875 0.1828125 0.2109375
3 0.86875 0.8703125 0.146875 0.1984375
2 0.88125 0.6296875 0.1828125 0.228125
4 0.39375 0.634375 0.209375 0.20625
4 0.384375 0.1234375 0.1734375 0.215625
4 0.6390625 0.13125 0.2203125 0.2328125