3 0.13125 0.128125 0.228125 0.2203125
3 0.1359375 0.384375 0.1796875 0.209375
3 0.128125 0.621875 0.1796875 0.2015625
3 0.390625 0.1375 0.19375 0.2015625
4 0.38125 0.378125 0.196875 0.209375
4 0.3921875 0.6234375 0.21875 0.20625
4 0.6421875 0.384375 0.2109375 0.1921875
4 0.6390625 0.128125 0.184375 0.20625
4 0.64375 0.628125 0.1734375 0.196875
4 0.8765625 0.6359375 0.19375 0.19375
3 0.6265625 0.8953125 0.2109375 0.1984375
3 0.8796875 0.8828125 0.2109375 0.215625
0 0.1296875 0.8875 0.2109375 0.2046875
5 0.8859375 0.3875 0.19375 0.20625
0 0.384375 0.89375 0.1890625 0.19375
0 0.8765625 0.134375 0.209375 0.20625