4 0.19609375 0.09609375 0.2234375 0.1921875
4 0.1578125 0.32578125 0.196875 0.2359375
4 0.55703125 0.90078125 0.1984375 0.1984375
5 0.4375 0.128125 0.19375 0.2203125
5 0.08359375 0.82265625 0.1671875 0.2453125
5 0.85859375 0.70078125 0.196875 0.2390625
3 0.675 0.153125 0.21875 0.2375
3 0.10546875 0.5734375 0.1859375 0.2234375
3 0.3234375 0.85625 0.20625 0.24375
3 0.634375 0.4296875 0.2 0.2
5 0.61171875 0.64609375 0.1890625 0.2078125
0 0.39765625 0.35546875 0.2015625 0.2125
0 0.91171875 0.20546875 0.1765625 0.2234375
0 0.89296875 0.4296875 0.2140625 0.215625
2 0.37265625 0.60625 0.2046875 0.2296875
2 0.81171875 0.915625 0.2015625 0.16875