0 0.1390625 0.375 0.19375 0.2109375
0 0.8859375 0.8859375 0.21875 0.2015625
0 0.390625 0.375 0.215625 0.2109375
2 0.3796875 0.61875 0.215625 0.228125
2 0.1390625 0.1296875 0.1765625 0.2015625
0 0.878125 0.1265625 0.20625 0.2234375
2 0.3828125 0.1234375 0.203125 0.20625
2 0.1375 0.6171875 0.21875 0.225
3 0.6375 0.646875 0.20625 0.2203125
2 0.621875 0.1140625 0.18125 0.20625
4 0.640625 0.36875 0.1875 0.2109375
4 0.88125 0.384375 0.2203125 0.2078125
4 0.1375 0.871875 0.1921875 0.2390625
5 0.8875 0.6328125 0.19375 0.1921875
5 0.6359375 0.8796875 0.1890625 0.2203125
2 0.378125 0.875 0.2125 0.21875