4 0.24140625 0.09453125 0.2703125 0.1890625
4 0.18046875 0.28515625 0.2421875 0.265625
3 0.47265625 0.11640625 0.2265625 0.2328125
3 0.91328125 0.2453125 0.1734375 0.275
3 0.88515625 0.49375 0.2296875 0.240625
3 0.52890625 0.8921875 0.2359375 0.215625
5 0.76484375 0.92734375 0.2515625 0.1453125
5 0.41171875 0.353125 0.2421875 0.2546875
5 0.58515625 0.66484375 0.265625 0.2828125
0 0.6625 0.4125 0.2546875 0.2640625
0 0.71953125 0.17734375 0.26875 0.26875
0 0.83515625 0.7171875 0.2390625 0.234375
0 0.08203125 0.77578125 0.1640625 0.2546875
4 0.3515625 0.60078125 0.2546875 0.2609375
2 0.121875 0.53125 0.24375 0.265625
0 0.29921875 0.8390625 0.253125 0.2546875