2 0.08515625 0.26796875 0.1703125 0.2953125
2 0.11328125 0.50078125 0.2265625 0.2765625
2 0.75078125 0.07890625 0.2671875 0.1578125
3 0.3359375 0.42734375 0.28125 0.2734375
5 0.8265625 0.26875 0.2609375 0.271875
2 0.50234375 0.87890625 0.2703125 0.2421875
0 0.50078125 0.12109375 0.2359375 0.2421875
5 0.8890625 0.50234375 0.221875 0.2734375
2 0.27421875 0.92421875 0.2421875 0.1515625
4 0.66171875 0.5765625 0.2515625 0.2640625
4 0.7484375 0.82265625 0.2578125 0.26875
0 0.9296875 0.7375 0.140625 0.25625
4 0.18828125 0.74296875 0.2390625 0.2484375
4 0.42265625 0.66875 0.25625 0.2609375
3 0.26171875 0.1921875 0.2671875 0.2796875