0 0.66328125 0.42578125 0.26875 0.2765625
3 0.346875 0.59375 0.25 0.2703125
3 0.5890625 0.66796875 0.2546875 0.2609375
2 0.5109375 0.88515625 0.225 0.2296875
2 0.7515625 0.9296875 0.23125 0.140625
3 0.078125 0.75859375 0.15625 0.2359375
3 0.24765625 0.08046875 0.1890625 0.1609375
3 0.4796875 0.12265625 0.228125 0.240625
2 0.72734375 0.19375 0.23125 0.2375
5 0.18828125 0.28359375 0.2265625 0.2328125
4 0.41171875 0.35078125 0.225 0.240625
4 0.89296875 0.50625 0.2140625 0.228125
4 0.1140625 0.51328125 0.228125 0.2578125
4 0.27578125 0.83359375 0.2046875 0.2359375
4 0.934375 0.26953125 0.13125 0.2453125
4 0.834375 0.74296875 0.2140625 0.2375