3 0.10078125 0.1671875 0.2015625 0.234375
3 0.9015625 0.5890625 0.196875 0.246875
3 0.62421875 0.3484375 0.2125 0.215625
3 0.3921875 0.63671875 0.20625 0.2375
4 0.34140625 0.15390625 0.1875 0.23125
4 0.11640625 0.40546875 0.2046875 0.225
4 0.15625 0.66953125 0.209375 0.225
4 0.16953125 0.90859375 0.1984375 0.1828125
4 0.8640625 0.3484375 0.1640625 0.203125
5 0.8328125 0.10703125 0.1765625 0.2140625
2 0.590625 0.12109375 0.196875 0.2203125
2 0.3546875 0.38515625 0.1859375 0.21875
0 0.653125 0.6125 0.2140625 0.23125
4 0.43203125 0.88125 0.203125 0.2359375
4 0.66796875 0.871875 0.2015625 0.2234375
4 0.90234375 0.83359375 0.1953125 0.2484375