0 0.634375 0.38125 0.2109375 0.225
3 0.38125 0.634375 0.1921875 0.2234375
3 0.634375 0.634375 0.2015625 0.2109375
2 0.628125 0.8796875 0.1671875 0.2203125
2 0.88125 0.884375 0.1828125 0.19375
3 0.140625 0.88125 0.175 0.19375
3 0.125 0.1375 0.134375 0.2046875
3 0.3703125 0.1453125 0.178125 0.1984375
2 0.628125 0.140625 0.1828125 0.1921875
5 0.1390625 0.384375 0.1796875 0.1890625
4 0.371875 0.3828125 0.1734375 0.1984375
4 0.878125 0.390625 0.165625 0.1890625
4 0.1328125 0.6265625 0.178125 0.215625
4 0.3828125 0.884375 0.153125 0.1984375
4 0.890625 0.140625 0.165625 0.20625
4 0.890625 0.634375 0.1625 0.1984375