4 0.13125 0.1296875 0.1875 0.228125
4 0.878125 0.1265625 0.2046875 0.246875
4 0.128125 0.8828125 0.20625 0.209375
5 0.8890625 0.3796875 0.215625 0.1984375
5 0.6375 0.390625 0.196875 0.19375
5 0.6390625 0.1296875 0.1984375 0.2109375
5 0.3796875 0.884375 0.1875 0.209375
5 0.13125 0.64375 0.2015625 0.2015625
3 0.375 0.6296875 0.2140625 0.1984375
4 0.39375 0.125 0.209375 0.2140625
4 0.1359375 0.3765625 0.1984375 0.225
0 0.38125 0.3859375 0.2046875 0.209375
0 0.8875 0.634375 0.1921875 0.2046875
2 0.8859375 0.8890625 0.1796875 0.209375
4 0.63125 0.6296875 0.2140625 0.2203125
4 0.634375 0.878125 0.209375 0.2359375