3 0.1453125 0.68203125 0.215625 0.234375
3 0.840625 0.1078125 0.221875 0.215625
5 0.62109375 0.36484375 0.253125 0.246875
5 0.909375 0.846875 0.18125 0.2375
5 0.17265625 0.89921875 0.2453125 0.2015625
2 0.39765625 0.61640625 0.2046875 0.215625
0 0.096875 0.17421875 0.19375 0.2234375
4 0.34140625 0.14453125 0.2171875 0.228125
4 0.12421875 0.4203125 0.2484375 0.246875
4 0.4359375 0.890625 0.246875 0.21875
2 0.59140625 0.13203125 0.1796875 0.2203125
4 0.67421875 0.87421875 0.234375 0.2390625
4 0.3765625 0.4015625 0.2234375 0.240625
5 0.6453125 0.61484375 0.2140625 0.228125
3 0.88984375 0.58125 0.2203125 0.2125
4 0.865625 0.3296875 0.2359375 0.228125