3 0.1375 0.33671875 0.23125 0.2546875
3 0.6375 0.39609375 0.203125 0.234375
3 0.378125 0.61796875 0.2078125 0.2296875
3 0.86171875 0.89921875 0.2140625 0.2015625
3 0.1125 0.59140625 0.21875 0.2234375
5 0.4109375 0.36953125 0.2078125 0.246875
5 0.61953125 0.6375 0.25625 0.2484375
5 0.67109375 0.12578125 0.2296875 0.23125
4 0.4203125 0.11953125 0.20625 0.234375
4 0.90703125 0.17265625 0.1859375 0.2515625
4 0.603125 0.88828125 0.2125 0.2234375
2 0.88984375 0.41953125 0.1921875 0.2203125
2 0.87421875 0.66640625 0.2046875 0.225
2 0.1015625 0.83515625 0.203125 0.2234375
2 0.340625 0.884375 0.203125 0.190625
4 0.17578125 0.109375 0.2109375 0.21875