3 0.084375 0.2328125 0.16875 0.25625
3 0.8984375 0.52578125 0.203125 0.2671875
3 0.59921875 0.3328125 0.2375 0.240625
3 0.41484375 0.65234375 0.234375 0.259375
4 0.290625 0.1828125 0.215625 0.2515625
4 0.11015625 0.4671875 0.2203125 0.246875
4 0.18671875 0.71953125 0.2359375 0.2484375
4 0.240625 0.9265625 0.221875 0.146875
4 0.83671875 0.2953125 0.190625 0.221875
5 0.76875 0.0875 0.203125 0.175
2 0.52890625 0.11484375 0.2234375 0.2296875
2 0.33984375 0.41015625 0.2140625 0.2375
0 0.66875 0.5875 0.2421875 0.2546875
4 0.49296875 0.87890625 0.2328125 0.2421875
4 0.725 0.8390625 0.2265625 0.2453125
4 0.91796875 0.7640625 0.1640625 0.275