3 0.6328125 0.3875 0.209375 0.2046875
3 0.384375 0.1359375 0.1875 0.20625
3 0.1328125 0.6265625 0.184375 0.184375
5 0.8921875 0.3984375 0.1984375 0.215625
5 0.1390625 0.875 0.1875 0.196875
5 0.13125 0.140625 0.184375 0.2015625
3 0.1359375 0.375 0.1984375 0.2015625
5 0.3859375 0.6234375 0.196875 0.1984375
5 0.634375 0.63125 0.1890625 0.1921875
0 0.878125 0.646875 0.215625 0.1625
2 0.39375 0.8734375 0.209375 0.225
4 0.3953125 0.3765625 0.1578125 0.1984375
4 0.875 0.1390625 0.1609375 0.196875
4 0.878125 0.8890625 0.1828125 0.2109375
4 0.634375 0.8796875 0.2109375 0.2296875
0 0.63125 0.11875 0.2015625 0.2109375