3 0.12265625 0.4140625 0.21875 0.2296875
3 0.384375 0.646875 0.2125 0.2453125
3 0.153125 0.89375 0.2375 0.2125
0 0.6234375 0.3734375 0.203125 0.1984375
0 0.85078125 0.09921875 0.1953125 0.1984375
0 0.596875 0.12109375 0.1953125 0.215625
3 0.6578125 0.865625 0.2015625 0.221875
3 0.3359375 0.1328125 0.2140625 0.2015625
2 0.64296875 0.62421875 0.2328125 0.215625
5 0.89765625 0.8484375 0.2046875 0.24375
4 0.10078125 0.175 0.2015625 0.234375
5 0.41953125 0.890625 0.2140625 0.21875
5 0.134375 0.6640625 0.25 0.25625
4 0.87578125 0.59765625 0.203125 0.24375
4 0.36328125 0.39296875 0.1765625 0.2265625
4 0.8796875 0.33984375 0.196875 0.2203125