5 0.1234375 0.1203125 0.1875 0.20625
5 0.6296875 0.8890625 0.196875 0.209375
3 0.128125 0.378125 0.1703125 0.209375
3 0.378125 0.61875 0.1890625 0.196875
3 0.878125 0.3890625 0.1828125 0.20625
3 0.8765625 0.8921875 0.1796875 0.1890625
2 0.871875 0.634375 0.1734375 0.178125
2 0.146875 0.6359375 0.2015625 0.215625
2 0.378125 0.884375 0.1921875 0.196875
0 0.1296875 0.878125 0.196875 0.19375
4 0.38125 0.134375 0.175 0.2046875
4 0.390625 0.378125 0.1703125 0.196875
4 0.6296875 0.3796875 0.19375 0.1984375
4 0.621875 0.134375 0.184375 0.209375
4 0.865625 0.14375 0.2046875 0.2015625
4 0.625 0.615625 0.1921875 0.21875