5 0.15078125 0.31015625 0.246875 0.2609375
3 0.6109375 0.64609375 0.234375 0.2546875
3 0.31796875 0.8578125 0.225 0.259375
5 0.396875 0.3625 0.240625 0.2515625
2 0.89609375 0.45 0.2078125 0.240625
2 0.86875 0.6921875 0.2125 0.221875
0 0.91953125 0.20546875 0.1609375 0.2390625
4 0.18515625 0.09375 0.2390625 0.1875
4 0.4328125 0.11015625 0.23125 0.2203125
4 0.68984375 0.159375 0.265625 0.25
4 0.65625 0.39609375 0.2390625 0.2390625
4 0.10859375 0.5734375 0.2171875 0.2125
4 0.09921875 0.8203125 0.1984375 0.2375
4 0.3609375 0.61171875 0.2546875 0.225
4 0.56796875 0.89140625 0.2109375 0.2171875
4 0.80625 0.903125 0.24375 0.19375