3 0.63125 0.140625 0.2 0.23125
3 0.8859375 0.13984375 0.1953125 0.2125
3 0.14140625 0.115625 0.1890625 0.2046875
3 0.88828125 0.39765625 0.2125 0.2203125
3 0.8796875 0.64609375 0.2 0.215625
3 0.36171875 0.8859375 0.2125 0.225
5 0.63046875 0.3828125 0.2140625 0.2203125
5 0.39296875 0.61796875 0.1765625 0.203125
5 0.39453125 0.38671875 0.2125 0.2234375
4 0.1453125 0.3640625 0.2140625 0.2140625
4 0.61953125 0.89765625 0.2015625 0.2046875
2 0.63828125 0.6515625 0.2265625 0.2328125
0 0.87109375 0.88046875 0.175 0.184375
4 0.10546875 0.86953125 0.2 0.225
3 0.1234375 0.62265625 0.2015625 0.2359375
4 0.390625 0.13203125 0.1828125 0.234375