3 0.1296875 0.63125 0.1984375 0.2359375
3 0.63125 0.38125 0.215625 0.2140625
3 0.88125 0.384375 0.1828125 0.2203125
3 0.6265625 0.8859375 0.1890625 0.21875
3 0.128125 0.1328125 0.178125 0.209375
3 0.1265625 0.38125 0.19375 0.20625
3 0.375 0.1359375 0.2015625 0.225
3 0.384375 0.884375 0.209375 0.196875
3 0.8765625 0.134375 0.19375 0.2203125
2 0.8953125 0.63125 0.209375 0.2046875
2 0.6375 0.640625 0.1828125 0.2046875
2 0.371875 0.3890625 0.1984375 0.1796875
5 0.625 0.1328125 0.20625 0.21875
5 0.8921875 0.8953125 0.1890625 0.1984375
3 0.384375 0.640625 0.1734375 0.209375
4 0.1359375 0.8796875 0.1984375 0.1984375