2 0.084375 0.23828125 0.16875 0.2515625
2 0.35625 0.4109375 0.240625 0.2734375
0 0.278125 0.1671875 0.2390625 0.2421875
3 0.4125 0.65390625 0.2375 0.253125
3 0.603125 0.35 0.2640625 0.2625
0 0.17890625 0.72890625 0.2484375 0.259375
0 0.73203125 0.8171875 0.2328125 0.2421875
0 0.7734375 0.08828125 0.253125 0.1765625
0 0.89375 0.51015625 0.2125 0.2453125
4 0.5296875 0.1265625 0.25625 0.253125
3 0.8375 0.2828125 0.234375 0.2484375
5 0.11484375 0.48671875 0.2296875 0.2546875
0 0.4953125 0.88984375 0.228125 0.2203125
4 0.92734375 0.76875 0.1453125 0.2625
4 0.659375 0.590625 0.2453125 0.2609375
4 0.2359375 0.91328125 0.2375 0.1734375