3 0.25859375 0.078125 0.2484375 0.15625
3 0.18828125 0.2671875 0.2375 0.25
4 0.734375 0.928125 0.240625 0.14375
4 0.5 0.8890625 0.278125 0.221875
4 0.80234375 0.75234375 0.2390625 0.253125
4 0.4953125 0.1203125 0.24375 0.240625
4 0.4171875 0.35 0.2734375 0.2828125
0 0.88125 0.5046875 0.2375 0.25625
2 0.271875 0.8234375 0.2859375 0.2796875
5 0.11484375 0.5 0.2296875 0.2625
5 0.33984375 0.5828125 0.25625 0.259375
5 0.66484375 0.42734375 0.2546875 0.2578125
5 0.57890625 0.65234375 0.2484375 0.271875
2 0.9234375 0.26328125 0.153125 0.2515625
4 0.74140625 0.190625 0.253125 0.265625
4 0.07890625 0.74375 0.1578125 0.26875