0 0.19921875 0.2640625 0.2515625 0.2625
0 0.73828125 0.9296875 0.2734375 0.140625
0 0.4375 0.34609375 0.2734375 0.2703125
2 0.34765625 0.5734375 0.278125 0.2859375
2 0.27890625 0.078125 0.2328125 0.15625
0 0.92265625 0.2703125 0.1546875 0.278125
2 0.5109375 0.11796875 0.259375 0.2359375
2 0.12890625 0.4921875 0.2578125 0.284375
3 0.58203125 0.68359375 0.2671875 0.275
2 0.740625 0.175 0.2390625 0.2546875
4 0.67578125 0.421875 0.246875 0.2609375
4 0.88046875 0.51484375 0.2390625 0.2671875
4 0.0828125 0.7328125 0.165625 0.2875
5 0.8234375 0.7515625 0.2453125 0.24375
5 0.50390625 0.88359375 0.2515625 0.2328125
2 0.2625 0.81484375 0.271875 0.2765625