0 0.09375 0.21640625 0.1875 0.2828125
4 0.5453125 0.1203125 0.259375 0.240625
4 0.78359375 0.09140625 0.2578125 0.1828125
4 0.47578125 0.8828125 0.2703125 0.234375
4 0.71640625 0.84140625 0.2578125 0.271875
3 0.29296875 0.16484375 0.221875 0.25
3 0.1171875 0.46484375 0.234375 0.2609375
3 0.92109375 0.7765625 0.1578125 0.25
2 0.17109375 0.7140625 0.2484375 0.253125
2 0.41015625 0.65390625 0.246875 0.25
2 0.3515625 0.4125 0.19375 0.215625
3 0.89765625 0.5453125 0.2046875 0.25
5 0.665625 0.60625 0.246875 0.246875
5 0.84609375 0.29140625 0.253125 0.2484375
5 0.61015625 0.35234375 0.2625 0.2625
4 0.23046875 0.91796875 0.2234375 0.1640625