3 0.509375 0.878125 0.26875 0.24375
0 0.490625 0.12265625 0.2375 0.2453125
2 0.75703125 0.92578125 0.2328125 0.1484375
2 0.125 0.51875 0.25 0.26875
3 0.1875 0.27734375 0.2328125 0.25625
4 0.92578125 0.253125 0.1484375 0.240625
4 0.7296875 0.171875 0.2078125 0.2375
4 0.65859375 0.43046875 0.225 0.2421875
4 0.88046875 0.50078125 0.2390625 0.2453125
4 0.83671875 0.7546875 0.246875 0.2578125
4 0.3390625 0.59453125 0.24375 0.246875
4 0.075 0.753125 0.15 0.25
2 0.26171875 0.08046875 0.2328125 0.1609375
3 0.4234375 0.35546875 0.240625 0.2578125
0 0.2796875 0.834375 0.2609375 0.25
3 0.60859375 0.6671875 0.2609375 0.2546875