4 0.09453125 0.23046875 0.1890625 0.2703125
4 0.5390625 0.11640625 0.2625 0.2328125
4 0.30546875 0.1734375 0.259375 0.265625
4 0.78046875 0.08125 0.2421875 0.1625
4 0.859375 0.28828125 0.2453125 0.2546875
3 0.66328125 0.59765625 0.2421875 0.2421875
3 0.59453125 0.3296875 0.2671875 0.2625
3 0.11875 0.46953125 0.228125 0.25625
3 0.45703125 0.88046875 0.2328125 0.2390625
2 0.9015625 0.53203125 0.196875 0.2421875
2 0.175 0.71953125 0.2640625 0.2578125
2 0.2296875 0.9140625 0.234375 0.171875
4 0.93359375 0.778125 0.1328125 0.240625
4 0.73671875 0.83671875 0.2453125 0.265625
4 0.409375 0.646875 0.2421875 0.2515625
2 0.36015625 0.4046875 0.2546875 0.2515625