3 0.12890625 0.3875 0.2046875 0.2171875
3 0.37421875 0.63828125 0.196875 0.2328125
3 0.125 0.8796875 0.2234375 0.21875
0 0.63203125 0.38203125 0.190625 0.1859375
0 0.878125 0.12421875 0.184375 0.1875
0 0.6234375 0.12890625 0.1828125 0.203125
3 0.63125 0.87578125 0.1875 0.209375
3 0.3625 0.12265625 0.203125 0.1875
5 0.63359375 0.63359375 0.21875 0.2015625
5 0.8890625 0.8765625 0.221875 0.228125
4 0.1171875 0.146875 0.2015625 0.221875
5 0.39296875 0.8859375 0.2 0.209375
5 0.12421875 0.6375 0.234375 0.240625
4 0.86796875 0.6234375 0.1890625 0.2328125
4 0.37109375 0.38359375 0.1625 0.215625
4 0.88984375 0.36640625 0.1828125 0.209375