4 0.10859375 0.18046875 0.2171875 0.2515625
4 0.58671875 0.115625 0.2421875 0.23125
4 0.346875 0.15234375 0.2375 0.2453125
4 0.83359375 0.09609375 0.2265625 0.1921875
4 0.8828125 0.33359375 0.2234375 0.2359375
3 0.65 0.6171875 0.221875 0.221875
3 0.61640625 0.3421875 0.24375 0.240625
3 0.125 0.4234375 0.2078125 0.2390625
3 0.4109375 0.87890625 0.2125 0.2328125
2 0.90390625 0.58203125 0.1921875 0.2296875
2 0.15 0.678125 0.2421875 0.2375
2 0.178125 0.90078125 0.2125 0.1984375
4 0.91875 0.8359375 0.1625 0.221875
4 0.69453125 0.86328125 0.2234375 0.246875
4 0.3921875 0.634375 0.2203125 0.2328125
2 0.37265625 0.38828125 0.2359375 0.23125