0 0.11171875 0.14296875 0.2234375 0.2515625
4 0.61328125 0.11953125 0.2234375 0.2390625
4 0.8578125 0.1109375 0.225 0.221875
4 0.4078125 0.88671875 0.2390625 0.2265625
4 0.65390625 0.8734375 0.2234375 0.240625
3 0.35390625 0.13359375 0.1890625 0.225
3 0.11875 0.39765625 0.2234375 0.2296875
3 0.9 0.8515625 0.1921875 0.225
2 0.1390625 0.653125 0.215625 0.221875
2 0.38515625 0.6359375 0.215625 0.2203125
2 0.36875 0.38828125 0.1671875 0.1921875
3 0.890625 0.615625 0.1859375 0.225
5 0.64453125 0.63359375 0.215625 0.215625
5 0.87734375 0.3546875 0.221875 0.215625
5 0.634375 0.37421875 0.23125 0.2296875
4 0.1546875 0.89765625 0.190625 0.2046875