4 0.25859375 0.09375 0.2609375 0.1875
4 0.73203125 0.178125 0.26875 0.2625
4 0.49453125 0.12734375 0.2640625 0.2546875
4 0.921875 0.24921875 0.15625 0.2390625
4 0.89609375 0.4953125 0.2078125 0.259375
3 0.5921875 0.66640625 0.246875 0.246875
3 0.66875 0.4 0.2703125 0.2671875
3 0.18515625 0.2828125 0.2359375 0.2609375
3 0.2703125 0.8140625 0.2390625 0.2546875
2 0.8421875 0.734375 0.225 0.25
2 0.12109375 0.52734375 0.2421875 0.2640625
2 0.0796875 0.7625 0.159375 0.2625
4 0.778125 0.9296875 0.240625 0.140625
4 0.53671875 0.8875 0.2515625 0.225
4 0.3484375 0.58125 0.246875 0.25625
2 0.4265625 0.34765625 0.2609375 0.25625