2 0.128125 0.0984375 0.209375 0.1578125
2 0.8734375 0.13125 0.209375 0.2234375
2 0.8796875 0.3828125 0.2203125 0.225
2 0.3703125 0.646875 0.20625 0.2015625
2 0.6265625 0.634375 0.1984375 0.2203125
2 0.128125 0.378125 0.1984375 0.2234375
5 0.6296875 0.8859375 0.175 0.228125
5 0.384375 0.8875 0.1890625 0.1984375
2 0.38125 0.378125 0.1984375 0.2015625
5 0.3875 0.1296875 0.1875 0.209375
5 0.61875 0.1484375 0.1796875 0.2109375
4 0.625 0.3765625 0.1734375 0.21875
4 0.8703125 0.884375 0.1671875 0.2109375
2 0.13125 0.634375 0.196875 0.2203125
3 0.1328125 0.8875 0.1890625 0.20625
3 0.871875 0.6234375 0.20625 0.209375