3 0.14609375 0.11015625 0.2046875 0.2203125
3 0.39453125 0.121875 0.1921875 0.21875
3 0.65390625 0.1296875 0.2046875 0.2234375
3 0.8984375 0.153125 0.203125 0.19375
3 0.37265625 0.36328125 0.2234375 0.2359375
3 0.87265625 0.65078125 0.23125 0.2234375
4 0.12890625 0.35546875 0.225 0.2359375
4 0.87734375 0.40078125 0.1953125 0.2203125
3 0.3765625 0.621875 0.2265625 0.2265625
0 0.10859375 0.8609375 0.2046875 0.234375
0 0.35234375 0.87421875 0.1953125 0.228125
2 0.62109375 0.6328125 0.24375 0.23125
2 0.85703125 0.896875 0.2234375 0.20625
0 0.60859375 0.88125 0.2421875 0.225
4 0.1171875 0.60859375 0.2328125 0.2421875
4 0.634375 0.38515625 0.2265625 0.2203125