2 0.7078125 0.82890625 0.2703125 0.2671875
2 0.51171875 0.1234375 0.2671875 0.246875
3 0.89296875 0.521875 0.2140625 0.284375
3 0.91328125 0.76796875 0.1734375 0.2734375
3 0.48828125 0.884375 0.2484375 0.23125
3 0.83046875 0.28125 0.2609375 0.25625
3 0.60234375 0.35859375 0.2640625 0.265625
4 0.7625 0.08359375 0.26875 0.1671875
4 0.42734375 0.65390625 0.290625 0.296875
4 0.08671875 0.23671875 0.1734375 0.2890625
4 0.29375 0.17109375 0.2625 0.2703125
4 0.3640625 0.4109375 0.2546875 0.2546875
0 0.1234375 0.484375 0.246875 0.253125
5 0.18515625 0.728125 0.2375 0.2609375
5 0.23828125 0.91640625 0.2484375 0.1671875