3 0.140625 0.11328125 0.228125 0.2265625
3 0.39296875 0.1171875 0.2328125 0.2296875
4 0.3796875 0.371875 0.190625 0.228125
4 0.65703125 0.134375 0.2265625 0.2578125
4 0.10390625 0.85703125 0.2078125 0.2421875
4 0.13125 0.60546875 0.19375 0.25
0 0.896875 0.1453125 0.1890625 0.21875
0 0.87734375 0.40390625 0.2234375 0.2296875
0 0.86640625 0.89140625 0.1890625 0.2171875
0 0.14140625 0.3578125 0.2 0.228125
2 0.3796875 0.6203125 0.1890625 0.225
5 0.63671875 0.64296875 0.2296875 0.2203125
4 0.36484375 0.875 0.2078125 0.209375
4 0.64375 0.38984375 0.2203125 0.2265625
3 0.61796875 0.88046875 0.215625 0.2203125