4 0.178125 0.10546875 0.2 0.2109375
3 0.6671875 0.15234375 0.1890625 0.215625
3 0.59140625 0.896875 0.2046875 0.20625
0 0.33125 0.87421875 0.225 0.2296875
0 0.3578125 0.60546875 0.1921875 0.215625
0 0.90234375 0.4296875 0.1953125 0.20625
2 0.65 0.40390625 0.190625 0.1984375
2 0.6125 0.63671875 0.2 0.2078125
5 0.9109375 0.16796875 0.178125 0.2203125
5 0.11953125 0.6 0.1953125 0.1984375
5 0.853125 0.90859375 0.19375 0.1828125
4 0.1578125 0.33828125 0.203125 0.2078125
4 0.41171875 0.11640625 0.184375 0.20625
4 0.396875 0.36484375 0.23125 0.2421875
4 0.10390625 0.83203125 0.2078125 0.2328125
4 0.8703125 0.67578125 0.2125 0.21875