4 0.13125 0.1296875 0.1734375 0.228125
3 0.6234375 0.134375 0.165625 0.196875
3 0.640625 0.8890625 0.1828125 0.196875
0 0.378125 0.8921875 0.2015625 0.20625
0 0.371875 0.621875 0.1703125 0.196875
0 0.896875 0.38125 0.1875 0.184375
2 0.6375 0.3859375 0.1703125 0.1796875
2 0.628125 0.621875 0.178125 0.1890625
5 0.88125 0.11875 0.1828125 0.1984375
5 0.134375 0.6453125 0.1734375 0.1796875
5 0.903125 0.884375 0.1703125 0.2046875
4 0.140625 0.38125 0.1828125 0.1875
4 0.365625 0.1296875 0.1625 0.1875
4 0.38125 0.378125 0.20625 0.21875
4 0.1375 0.8796875 0.2046875 0.209375
4 0.8890625 0.6296875 0.1890625 0.1984375