4 0.19296875 0.1015625 0.2078125 0.203125
3 0.67890625 0.1578125 0.19375 0.2203125
3 0.57734375 0.896875 0.2109375 0.20625
0 0.31796875 0.86796875 0.23125 0.234375
0 0.3546875 0.6 0.1984375 0.2203125
0 0.9015625 0.44453125 0.196875 0.2109375
2 0.65390625 0.40859375 0.1953125 0.203125
2 0.6078125 0.640625 0.2046875 0.2140625
5 0.91484375 0.1828125 0.1703125 0.225
5 0.11640625 0.5859375 0.2 0.2046875
5 0.8375 0.9140625 0.2 0.171875
4 0.16328125 0.3265625 0.209375 0.2140625
4 0.425 0.11328125 0.1890625 0.2109375
4 0.4015625 0.3609375 0.2375 0.2484375
4 0.1 0.81796875 0.2 0.2390625
4 0.8640625 0.6890625 0.21875 0.225