5 0.1234375 0.3734375 0.2109375 0.228125
3 0.634375 0.625 0.1984375 0.2234375
3 0.3828125 0.884375 0.1875 0.2296875
5 0.375 0.3828125 0.2046875 0.21875
2 0.8921875 0.38125 0.196875 0.209375
2 0.896875 0.625 0.1828125 0.19375
0 0.8953125 0.13125 0.19375 0.209375
4 0.115625 0.128125 0.2046875 0.209375
4 0.365625 0.1234375 0.1984375 0.1984375
4 0.628125 0.13125 0.2328125 0.2140625
4 0.6359375 0.3703125 0.20625 0.20625
4 0.125 0.640625 0.1921875 0.1828125
4 0.1546875 0.8859375 0.1796875 0.209375
4 0.3828125 0.634375 0.225 0.1890625
4 0.6359375 0.88125 0.178125 0.2046875
4 0.8765625 0.871875 0.209375 0.215625