3 0.18203125 0.9015625 0.2453125 0.196875
3 0.6953125 0.8546875 0.2140625 0.25
3 0.65390625 0.60390625 0.2265625 0.253125
3 0.8609375 0.31953125 0.209375 0.240625
3 0.11796875 0.4546875 0.2203125 0.2328125
3 0.365625 0.40078125 0.21875 0.228125
0 0.1640625 0.6859375 0.215625 0.2390625
5 0.1 0.20078125 0.2 0.2328125
3 0.61953125 0.3640625 0.209375 0.234375
3 0.81953125 0.103125 0.2140625 0.20625
2 0.4640625 0.8859375 0.2125 0.228125
3 0.91640625 0.8078125 0.1671875 0.21875
2 0.89453125 0.56875 0.2109375 0.253125
4 0.41640625 0.64921875 0.2390625 0.2359375
4 0.3265625 0.14609375 0.20625 0.240625
4 0.57890625 0.12265625 0.2546875 0.2453125