2 0.609375 0.8734375 0.21875 0.215625
2 0.6203125 0.1234375 0.2109375 0.2375
3 0.89375 0.6359375 0.2015625 0.2375
3 0.8671875 0.884375 0.2109375 0.225
3 0.378125 0.8859375 0.19375 0.225
3 0.878125 0.38125 0.2140625 0.2046875
3 0.6375 0.3921875 0.2140625 0.215625
4 0.88125 0.125 0.21875 0.2140625
4 0.3875 0.628125 0.2328125 0.2421875
4 0.1265625 0.11875 0.21875 0.2375
4 0.3921875 0.1265625 0.209375 0.2203125
4 0.39375 0.3765625 0.20625 0.20625
0 0.140625 0.38125 0.2015625 0.20625
5 0.134375 0.6328125 0.184375 0.21875
5 0.1203125 0.878125 0.19375 0.2234375