3 0.1078125 0.17578125 0.215625 0.2453125
3 0.12421875 0.4296875 0.203125 0.2296875
3 0.14609375 0.66640625 0.203125 0.221875
3 0.346875 0.15390625 0.2171875 0.2234375
4 0.3671875 0.39375 0.2203125 0.23125
4 0.4078125 0.6359375 0.2421875 0.23125
4 0.62734375 0.36796875 0.2328125 0.2171875
4 0.59296875 0.1140625 0.2078125 0.2265625
4 0.65859375 0.609375 0.196875 0.2171875
4 0.890625 0.5890625 0.215625 0.215625
3 0.6734375 0.8765625 0.2328125 0.221875
3 0.903125 0.83359375 0.19375 0.2390625
0 0.1796875 0.90703125 0.234375 0.1859375
5 0.86953125 0.34140625 0.2171875 0.228125
0 0.43359375 0.8984375 0.2109375 0.203125
0 0.82890625 0.103125 0.2328125 0.20625