3 0.13125 0.38125 0.2015625 0.2140625
3 0.371875 0.6359375 0.1921875 0.2296875
3 0.11875 0.8734375 0.2203125 0.215625
0 0.634375 0.384375 0.1875 0.1828125
0 0.884375 0.13125 0.1796875 0.184375
0 0.6296875 0.13125 0.1796875 0.2015625
3 0.625 0.878125 0.184375 0.20625
3 0.36875 0.1203125 0.1984375 0.184375
5 0.63125 0.6359375 0.215625 0.1984375
5 0.8859375 0.884375 0.225 0.2234375
4 0.1234375 0.140625 0.1984375 0.21875
5 0.3859375 0.884375 0.196875 0.2046875
5 0.121875 0.63125 0.2296875 0.2359375
4 0.865625 0.6296875 0.184375 0.2296875
4 0.3734375 0.38125 0.1578125 0.2140625
4 0.8921875 0.3734375 0.1796875 0.20625