3 0.128125 0.64375 0.19375 0.215625
3 0.8828125 0.1375 0.2015625 0.215625
5 0.6328125 0.378125 0.2296875 0.2234375
5 0.8875 0.8921875 0.1921875 0.215625
5 0.13125 0.878125 0.2234375 0.20625
2 0.3859375 0.6046875 0.184375 0.1984375
0 0.128125 0.1328125 0.1796875 0.203125
4 0.378125 0.128125 0.196875 0.2078125
4 0.1328125 0.38125 0.228125 0.225
4 0.39375 0.8828125 0.228125 0.196875
2 0.628125 0.14375 0.1578125 0.203125
4 0.6359375 0.8921875 0.2125 0.215625
4 0.3875 0.3875 0.2015625 0.2203125
5 0.6328125 0.6296875 0.19375 0.2078125
3 0.8890625 0.6234375 0.2203125 0.1890625
4 0.8828125 0.36875 0.215625 0.20625