3 0.134375 0.1375 0.196875 0.2234375
3 0.621875 0.378125 0.1703125 0.2046875
3 0.6421875 0.8796875 0.175 0.1875
3 0.3875 0.634375 0.2015625 0.215625
5 0.375 0.121875 0.1734375 0.1828125
5 0.3875 0.365625 0.1703125 0.20625
5 0.8921875 0.63125 0.175 0.2046875
5 0.884375 0.3703125 0.1890625 0.19375
0 0.6359375 0.121875 0.178125 0.1796875
2 0.634375 0.63125 0.178125 0.184375
2 0.378125 0.871875 0.1890625 0.2015625
4 0.1359375 0.3578125 0.184375 0.1984375
4 0.1203125 0.628125 0.184375 0.2015625
4 0.140625 0.86875 0.1734375 0.21875
4 0.8875 0.140625 0.1625 0.2015625
4 0.884375 0.884375 0.1484375 0.1921875