3 0.375 0.38125 0.1875 0.215625
3 0.6328125 0.3859375 0.184375 0.2109375
3 0.64375 0.6296875 0.1890625 0.2296875
3 0.378125 0.884375 0.2015625 0.209375
3 0.884375 0.8859375 0.1890625 0.20625
3 0.128125 0.13125 0.2015625 0.1984375
4 0.384375 0.6296875 0.1875 0.228125
4 0.871875 0.6390625 0.196875 0.215625
4 0.8765625 0.153125 0.178125 0.2046875
4 0.89375 0.3921875 0.2046875 0.1984375
2 0.36875 0.13125 0.2015625 0.2046875
2 0.63125 0.134375 0.1921875 0.2140625
2 0.640625 0.89375 0.1875 0.2125
2 0.1296875 0.9 0.1875 0.1921875
5 0.134375 0.3796875 0.19375 0.215625
5 0.1484375 0.6421875 0.215625 0.2109375