2 0.90546875 0.84375 0.1859375 0.246875
2 0.8921875 0.5875 0.2109375 0.2484375
2 0.86875 0.3484375 0.209375 0.23125
5 0.846875 0.11328125 0.225 0.2265625
4 0.34609375 0.1421875 0.2078125 0.225
4 0.5921875 0.11484375 0.209375 0.2296875
4 0.625 0.3609375 0.2 0.2328125
4 0.64921875 0.61640625 0.2296875 0.2265625
4 0.396875 0.65703125 0.225 0.2171875
4 0.42265625 0.89453125 0.1859375 0.2109375
2 0.175 0.9015625 0.225 0.196875
2 0.66953125 0.85625 0.2125 0.2203125
0 0.15234375 0.675 0.1875 0.221875
0 0.09609375 0.1734375 0.1921875 0.2375
3 0.115625 0.41796875 0.2296875 0.2265625
3 0.36328125 0.3953125 0.221875 0.23125