3 0.0796875 0.2578125 0.159375 0.2625
3 0.89609375 0.50390625 0.2078125 0.2734375
3 0.58984375 0.3265625 0.2453125 0.246875
3 0.42265625 0.65625 0.2421875 0.265625
4 0.27265625 0.19453125 0.2234375 0.25625
4 0.11171875 0.4875 0.2234375 0.253125
4 0.19921875 0.7375 0.2421875 0.2546875
4 0.26484375 0.93046875 0.2296875 0.1390625
4 0.825 0.27578125 0.1953125 0.2234375
5 0.74296875 0.08203125 0.2109375 0.1640625
2 0.509375 0.1171875 0.23125 0.234375
2 0.33359375 0.41796875 0.2203125 0.24375
0 0.6734375 0.578125 0.25 0.2609375
4 0.5125 0.87734375 0.240625 0.2453125
4 0.74140625 0.82890625 0.2359375 0.2515625
4 0.9234375 0.740625 0.153125 0.28125