2 0.20859375 0.09765625 0.2890625 0.1953125
2 0.4015625 0.34765625 0.253125 0.2546875
2 0.1578125 0.28984375 0.265625 0.2671875
4 0.70625 0.16171875 0.2671875 0.2703125
4 0.90390625 0.209375 0.1921875 0.271875
4 0.5984375 0.65234375 0.2140625 0.2265625
4 0.88515625 0.46328125 0.2296875 0.2421875
4 0.45859375 0.12109375 0.2265625 0.2421875
3 0.840625 0.709375 0.2421875 0.2359375
2 0.64765625 0.42265625 0.2625 0.23125
0 0.078125 0.80703125 0.15625 0.2140625
3 0.36484375 0.59453125 0.240625 0.2328125
4 0.30078125 0.85234375 0.2390625 0.2609375
4 0.53828125 0.8875 0.2359375 0.225
5 0.8078125 0.92421875 0.2375 0.1515625
0 0.12421875 0.56171875 0.2484375 0.2515625