0 0.6546875 0.409375 0.25 0.2609375
3 0.3578125 0.609375 0.2328125 0.25625
3 0.60625 0.6578125 0.2375 0.246875
2 0.55234375 0.8859375 0.2078125 0.228125
2 0.8 0.91875 0.215625 0.1625
3 0.0890625 0.80546875 0.178125 0.2234375
3 0.2 0.09296875 0.171875 0.1859375
3 0.440625 0.12734375 0.2125 0.228125
2 0.69453125 0.171875 0.215625 0.2234375
5 0.16796875 0.31796875 0.2109375 0.21875
4 0.396875 0.36015625 0.209375 0.2265625
4 0.8921875 0.46484375 0.1984375 0.2171875
4 0.115625 0.55390625 0.215625 0.2453125
4 0.31171875 0.8546875 0.1890625 0.225
4 0.92578125 0.221875 0.1484375 0.234375
4 0.8578125 0.70625 0.196875 0.2265625