3 0.1671875 0.11328125 0.215625 0.2265625
3 0.63203125 0.3890625 0.1875 0.21875
3 0.60859375 0.890625 0.190625 0.2015625
3 0.3765625 0.62421875 0.21875 0.2328125
5 0.40859375 0.1125 0.1890625 0.196875
5 0.4 0.35625 0.1875 0.2203125
5 0.87890625 0.66484375 0.1921875 0.2203125
5 0.89453125 0.4046875 0.2046875 0.209375
0 0.66875 0.13515625 0.19375 0.1953125
2 0.62265625 0.6421875 0.19375 0.1984375
2 0.34609375 0.86015625 0.2046875 0.2171875
4 0.15 0.3265625 0.2015625 0.2125
4 0.1109375 0.59453125 0.2015625 0.215625
4 0.11015625 0.8359375 0.1921875 0.2328125
4 0.91328125 0.17578125 0.1734375 0.2140625
4 0.8484375 0.90703125 0.165625 0.1859375