3 0.3953125 0.365625 0.2515625 0.2359375
3 0.6515625 0.39140625 0.2375 0.234375
3 0.34296875 0.87109375 0.2328125 0.2328125
3 0.11640625 0.58515625 0.2328125 0.2359375
3 0.1484375 0.3375 0.2203125 0.228125
2 0.6734375 0.15 0.234375 0.2375
2 0.88671875 0.41640625 0.2265625 0.2453125
2 0.5859375 0.89140625 0.225 0.2171875
0 0.8421875 0.896875 0.20625 0.20625
0 0.4328125 0.1125 0.221875 0.225
0 0.9015625 0.1828125 0.196875 0.23125
4 0.17890625 0.11328125 0.2046875 0.2265625
4 0.36015625 0.61171875 0.1921875 0.215625
4 0.6109375 0.66328125 0.24375 0.246875
4 0.85078125 0.68125 0.2046875 0.24375
4 0.09375 0.8453125 0.1875 0.203125