3 0.62734375 0.88046875 0.2078125 0.2390625
0 0.378125 0.134375 0.1828125 0.2203125
2 0.8859375 0.884375 0.178125 0.215625
2 0.14375 0.628125 0.2015625 0.2203125
3 0.1359375 0.378125 0.178125 0.2140625
4 0.8734375 0.128125 0.178125 0.196875
4 0.6234375 0.11875 0.15625 0.2015625
4 0.63125 0.3875 0.175 0.1984375
4 0.871875 0.3875 0.2046875 0.1921875
4 0.896875 0.6453125 0.19375 0.2109375
4 0.3734375 0.6375 0.19375 0.1984375
4 0.121875 0.88125 0.196875 0.2015625
2 0.1375 0.128125 0.1828125 0.2015625
3 0.384375 0.384375 0.1875 0.2109375
0 0.3875 0.884375 0.2140625 0.196875
3 0.653125 0.628125 0.2109375 0.2015625