3 0.17421875 0.7296875 0.240625 0.25625
3 0.78359375 0.0921875 0.2484375 0.184375
5 0.59921875 0.35 0.2765625 0.2734375
5 0.92578125 0.7859375 0.1484375 0.25625
5 0.23359375 0.9140625 0.2671875 0.171875
2 0.41484375 0.62890625 0.2265625 0.2359375
0 0.08125 0.2328125 0.1625 0.240625
4 0.29140625 0.16875 0.240625 0.2484375
4 0.12578125 0.47265625 0.2515625 0.2734375
4 0.4890625 0.88671875 0.26875 0.2265625
2 0.53828125 0.1234375 0.2015625 0.234375
4 0.7265625 0.84765625 0.2578125 0.2609375
4 0.36328125 0.41796875 0.2484375 0.2609375
5 0.66015625 0.59375 0.2390625 0.25
3 0.88828125 0.525 0.2234375 0.2375
4 0.83984375 0.2796875 0.259375 0.2515625