3 0.11484375 0.5078125 0.2296875 0.26875
3 0.92578125 0.290625 0.1484375 0.271875
5 0.66640625 0.43125 0.2921875 0.2890625
5 0.72890625 0.9328125 0.2546875 0.134375
5 0.08203125 0.72890625 0.1640625 0.2703125
2 0.35703125 0.559375 0.240625 0.2484375
0 0.27578125 0.07734375 0.2390625 0.1546875
4 0.5125 0.11953125 0.25625 0.2390625
4 0.1953125 0.2625 0.290625 0.2890625
4 0.26953125 0.8234375 0.28125 0.2625
2 0.7421875 0.209375 0.2171875 0.2453125
4 0.49296875 0.88828125 0.2734375 0.2234375
4 0.4328125 0.35546875 0.2640625 0.275
5 0.58046875 0.6671875 0.253125 0.2625
3 0.8234375 0.74921875 0.2734375 0.2546875
4 0.88359375 0.50703125 0.2328125 0.2671875