3 0.0984375 0.19921875 0.196875 0.2515625
3 0.6015625 0.3609375 0.2 0.2296875
3 0.7 0.853125 0.2015625 0.2125
3 0.41015625 0.65 0.2328125 0.24375
5 0.3171875 0.14609375 0.2 0.2078125
5 0.36796875 0.38515625 0.2 0.2296875
5 0.90234375 0.56796875 0.1953125 0.2296875
5 0.859375 0.31171875 0.215625 0.2203125
0 0.575 0.10546875 0.2046875 0.20625
2 0.653125 0.60859375 0.2046875 0.209375
2 0.43671875 0.8859375 0.2171875 0.228125
4 0.11796875 0.41640625 0.2125 0.2234375
4 0.1453125 0.6859375 0.2140625 0.2265625
4 0.203125 0.89921875 0.20625 0.2015625
4 0.82578125 0.09765625 0.1921875 0.1953125
4 0.925 0.81953125 0.15 0.2140625