3 0.40234375 0.3578125 0.228125 0.25
3 0.65390625 0.41640625 0.2234375 0.24375
3 0.61328125 0.65703125 0.23125 0.2625
3 0.30078125 0.85078125 0.240625 0.246875
3 0.79609375 0.91796875 0.2265625 0.1640625
3 0.2125 0.08984375 0.2375 0.1796875
4 0.36015625 0.603125 0.23125 0.2625
4 0.83515625 0.71328125 0.2375 0.2515625
4 0.915625 0.2390625 0.16875 0.2375
4 0.89296875 0.47578125 0.2140625 0.2359375
2 0.44765625 0.11640625 0.2390625 0.2328125
2 0.7046875 0.16953125 0.2328125 0.2484375
2 0.5546875 0.8953125 0.228125 0.209375
2 0.0828125 0.8140625 0.165625 0.228125
5 0.1671875 0.30625 0.234375 0.2515625
5 0.1265625 0.565625 0.253125 0.25