2 0.07890625 0.20859375 0.1578125 0.2078125
2 0.76484375 0.090625 0.2609375 0.18125
2 0.83671875 0.28828125 0.271875 0.275
2 0.4125 0.67578125 0.2515625 0.246875
2 0.65703125 0.596875 0.2484375 0.2625
2 0.1171875 0.478125 0.234375 0.26875
5 0.725 0.8390625 0.228125 0.265625
5 0.48828125 0.89140625 0.2328125 0.2171875
2 0.35390625 0.41328125 0.24375 0.2453125
5 0.2953125 0.17109375 0.2359375 0.25
5 0.5234375 0.1296875 0.228125 0.25
4 0.5890625 0.3484375 0.225 0.25625
4 0.92421875 0.775 0.1515625 0.246875
2 0.17890625 0.725 0.246875 0.2625
3 0.2453125 0.92265625 0.2375 0.1546875
3 0.88203125 0.521875 0.2359375 0.25625