5 0.09375 0.19765625 0.1875 0.2296875
5 0.36953125 0.40390625 0.221875 0.203125
2 0.31953125 0.15859375 0.19375 0.20625
2 0.8609375 0.31953125 0.2125 0.23125
3 0.5703125 0.11484375 0.23125 0.2296875
3 0.18828125 0.9125 0.2171875 0.175
4 0.815625 0.0828125 0.209375 0.165625
4 0.11015625 0.43359375 0.2078125 0.2203125
4 0.159375 0.67578125 0.215625 0.2203125
4 0.64375 0.59765625 0.16875 0.1953125
4 0.9140625 0.8109375 0.171875 0.24375
4 0.6890625 0.853125 0.203125 0.225
4 0.39296875 0.6421875 0.2015625 0.2140625
4 0.4328125 0.890625 0.234375 0.21875
3 0.61484375 0.36484375 0.209375 0.2265625