3 0.37734375 0.38203125 0.23125 0.2140625
3 0.63515625 0.37109375 0.2171875 0.2140625
3 0.39609375 0.8890625 0.2125 0.2125
3 0.13203125 0.6375 0.2140625 0.215625
3 0.12890625 0.3875 0.2 0.209375
2 0.6234375 0.12890625 0.2125 0.2171875
2 0.88359375 0.36171875 0.228125 0.2234375
2 0.64140625 0.88828125 0.203125 0.221875
0 0.8984375 0.87265625 0.1828125 0.24375
0 0.3796875 0.12421875 0.2015625 0.209375
0 0.875 0.128125 0.2171875 0.209375
4 0.1265625 0.153125 0.1828125 0.2265625
4 0.37734375 0.63046875 0.1734375 0.2
4 0.63203125 0.64609375 0.221875 0.225
4 0.87265625 0.63125 0.18125 0.2265625
4 0.13515625 0.9 0.1921875 0.1859375