3 0.38125 0.1265625 0.1875 0.215625
3 0.3765625 0.6421875 0.19375 0.1984375
3 0.3734375 0.884375 0.2109375 0.21875
5 0.871875 0.3640625 0.1828125 0.2109375
5 0.140625 0.6171875 0.2140625 0.209375
3 0.6375 0.134375 0.1890625 0.215625
3 0.1421875 0.378125 0.1890625 0.2140625
3 0.134375 0.8859375 0.19375 0.184375
5 0.3875 0.3890625 0.1828125 0.20625
5 0.621875 0.646875 0.1734375 0.2140625
4 0.6359375 0.884375 0.1890625 0.209375
4 0.8625 0.89375 0.2078125 0.2125
4 0.89296875 0.63046875 0.2140625 0.2015625
4 0.13125 0.1234375 0.2015625 0.20625
4 0.628125 0.3796875 0.1984375 0.225
4 0.896875 0.13125 0.2015625 0.2140625