2 0.225 0.0859375 0.23125 0.171875
2 0.91953125 0.2328125 0.1609375 0.228125
5 0.10390625 0.54453125 0.2078125 0.2390625
5 0.67890625 0.4203125 0.2203125 0.23125
5 0.7796875 0.92578125 0.203125 0.1484375
5 0.31484375 0.8421875 0.2265625 0.271875
3 0.48125 0.115625 0.209375 0.23125
3 0.71171875 0.17265625 0.2046875 0.2296875
0 0.4296875 0.37578125 0.209375 0.234375
0 0.89921875 0.46953125 0.2015625 0.2234375
4 0.18046875 0.3078125 0.2125 0.21875
4 0.36015625 0.60390625 0.221875 0.2421875
4 0.58515625 0.66171875 0.2046875 0.2265625
4 0.84375 0.72421875 0.2125 0.234375
4 0.54140625 0.890625 0.2296875 0.21875
4 0.09375 0.7828125 0.1875 0.215625