4 0.1421875 0.1328125 0.203125 0.228125
4 0.634375 0.1265625 0.21875 0.2109375
4 0.390625 0.1359375 0.2109375 0.2203125
4 0.8828125 0.128125 0.203125 0.1890625
4 0.9 0.38125 0.1984375 0.2125
3 0.634375 0.634375 0.1984375 0.1984375
3 0.6328125 0.3578125 0.2203125 0.215625
3 0.1375 0.378125 0.18125 0.21875
3 0.365625 0.865625 0.1875 0.2109375
2 0.8921875 0.63125 0.171875 0.2078125
2 0.13125 0.634375 0.21875 0.2109375
2 0.128125 0.878125 0.1875 0.21875
4 0.903125 0.8875 0.19375 0.1984375
4 0.6484375 0.884375 0.1984375 0.2234375
4 0.3765625 0.6203125 0.196875 0.2109375
2 0.3875 0.3734375 0.2109375 0.20625