3 0.12109375 0.5140625 0.2421875 0.26875
3 0.42578125 0.671875 0.259375 0.28125
3 0.26953125 0.92109375 0.2796875 0.1578125
0 0.58671875 0.3453125 0.2390625 0.2359375
0 0.73515625 0.06953125 0.2328125 0.1390625
0 0.4953125 0.1171875 0.2375 0.234375
3 0.746875 0.8125 0.24375 0.25625
3 0.246875 0.18828125 0.25 0.240625
5 0.66953125 0.5828125 0.2703125 0.259375
5 0.925 0.728125 0.15 0.2875
4 0.0765625 0.29140625 0.153125 0.2734375
5 0.52421875 0.884375 0.2546875 0.23125
5 0.18984375 0.75234375 0.296875 0.3015625
4 0.88125 0.496875 0.2375 0.278125
4 0.340625 0.43203125 0.221875 0.2546875
4 0.825 0.246875 0.2390625 0.2546875