0 0.13125 0.1234375 0.2140625 0.2421875
4 0.634375 0.121875 0.2109375 0.2375
4 0.878125 0.1265625 0.2140625 0.2203125
4 0.3875 0.88125 0.228125 0.215625
4 0.634375 0.88125 0.2109375 0.2296875
3 0.3734375 0.1265625 0.178125 0.215625
3 0.125 0.378125 0.2109375 0.2203125
3 0.88125 0.871875 0.1796875 0.215625
2 0.13125 0.634375 0.2046875 0.2109375
2 0.378125 0.6296875 0.2046875 0.209375
2 0.375 0.38125 0.1578125 0.184375
3 0.884375 0.6359375 0.1734375 0.215625
5 0.6375 0.640625 0.2046875 0.2046875
5 0.884375 0.375 0.2109375 0.2046875
5 0.640625 0.38125 0.2203125 0.21875
4 0.134375 0.8875 0.1796875 0.2140625