3 0.57265625 0.88046875 0.2390625 0.2390625
0 0.43046875 0.12109375 0.2109375 0.2421875
2 0.828125 0.90703125 0.20625 0.1859375
2 0.1296875 0.57734375 0.2296875 0.2453125
3 0.15625 0.32890625 0.20625 0.2359375
4 0.91015625 0.18359375 0.1796875 0.2203125
4 0.675 0.13984375 0.1828125 0.2203125
4 0.6453125 0.40703125 0.2015625 0.221875
4 0.88359375 0.440625 0.2296875 0.2203125
4 0.87265625 0.69921875 0.221875 0.234375
4 0.35546875 0.61875 0.2203125 0.225
4 0.0921875 0.82421875 0.184375 0.2265625
2 0.19296875 0.09609375 0.2078125 0.1921875
3 0.4015625 0.36953125 0.215625 0.2359375
0 0.33515625 0.86484375 0.2390625 0.225
3 0.63359375 0.6484375 0.2375 0.228125