2 0.08828125 0.17578125 0.1765625 0.1953125
2 0.79609375 0.09765625 0.2484375 0.1953125
2 0.85 0.3125 0.259375 0.2625
2 0.40078125 0.66875 0.240625 0.2359375
2 0.65 0.6078125 0.2359375 0.253125
2 0.115625 0.45078125 0.23125 0.2578125
5 0.70078125 0.85390625 0.215625 0.2578125
5 0.46015625 0.89296875 0.2234375 0.2140625
2 0.36015625 0.403125 0.234375 0.234375
5 0.31875 0.1578125 0.2234375 0.240625
5 0.54921875 0.13203125 0.2171875 0.240625
4 0.59921875 0.3546875 0.2125 0.2484375
4 0.9171875 0.80703125 0.165625 0.2390625
2 0.16328125 0.70234375 0.234375 0.253125
3 0.2125 0.915625 0.225 0.16875
3 0.88359375 0.54921875 0.2328125 0.2453125