3 0.1171875 0.5234375 0.234375 0.28125
3 0.65859375 0.421875 0.265625 0.2640625
3 0.88984375 0.49296875 0.2203125 0.2609375
3 0.51484375 0.8875 0.2421875 0.225
3 0.24296875 0.084375 0.2296875 0.16875
3 0.1734375 0.2828125 0.24375 0.2515625
3 0.48046875 0.12578125 0.2546875 0.2515625
3 0.2828125 0.8375 0.25625 0.246875
3 0.91953125 0.25234375 0.1609375 0.2640625
2 0.84375 0.73515625 0.2578125 0.2546875
2 0.59375 0.6734375 0.23125 0.2484375
2 0.40703125 0.3578125 0.240625 0.2265625
5 0.72109375 0.18125 0.2578125 0.2671875
5 0.7671875 0.93359375 0.2375 0.1328125
3 0.35 0.603125 0.225 0.25
4 0.08359375 0.7640625 0.1671875 0.24375