2 0.128125 0.1421875 0.1921875 0.1796875
2 0.878125 0.13125 0.19375 0.1875
5 0.11875 0.640625 0.1828125 0.2015625
5 0.6546875 0.3796875 0.1796875 0.19375
5 0.884375 0.8828125 0.1625 0.1890625
5 0.403125 0.8765625 0.1734375 0.2375
3 0.3875 0.1234375 0.1625 0.215625
3 0.6265625 0.13125 0.1625 0.196875
0 0.4015625 0.396875 0.165625 0.2015625
0 0.884375 0.3734375 0.1703125 0.1875
4 0.14375 0.390625 0.1734375 0.1828125
4 0.3890625 0.634375 0.178125 0.2046875
4 0.621875 0.6359375 0.1625 0.19375
4 0.8875 0.634375 0.1703125 0.1984375
4 0.6375 0.8765625 0.1890625 0.19375
4 0.1546875 0.878125 0.19375 0.1734375