4 0.103125 0.19375 0.20625 0.259375
4 0.12109375 0.43359375 0.221875 0.2515625
3 0.3171875 0.15390625 0.209375 0.234375
3 0.815625 0.10546875 0.246875 0.2109375
3 0.85546875 0.3359375 0.225 0.225
3 0.69375 0.86328125 0.21875 0.2375
5 0.90546875 0.81796875 0.1890625 0.2015625
5 0.359375 0.40234375 0.225 0.2390625
5 0.6453125 0.61640625 0.246875 0.2671875
0 0.61328125 0.35390625 0.2375 0.2484375
0 0.56875 0.1203125 0.25 0.240625
0 0.89140625 0.5625 0.2171875 0.21875
0 0.19375 0.90859375 0.225 0.1828125
4 0.40546875 0.65234375 0.2375 0.2453125
2 0.15625 0.6875 0.25 0.246875
0 0.45390625 0.8859375 0.2359375 0.228125