2 0.140625 0.1296875 0.1984375 0.1859375
2 0.890625 0.14453125 0.2 0.19375
5 0.1140625 0.62734375 0.1890625 0.20625
5 0.65859375 0.38515625 0.1859375 0.2
5 0.87109375 0.89609375 0.16875 0.1953125
5 0.38984375 0.87265625 0.1828125 0.24375
3 0.40078125 0.11953125 0.1703125 0.221875
3 0.6390625 0.1359375 0.16875 0.203125
0 0.40546875 0.39375 0.171875 0.20625
0 0.88828125 0.38671875 0.1765625 0.19375
4 0.14765625 0.378125 0.1796875 0.1875
4 0.384375 0.63046875 0.1859375 0.2109375
4 0.6171875 0.63984375 0.16875 0.2
4 0.8828125 0.64765625 0.1765625 0.2046875
4 0.62421875 0.88125 0.1953125 0.2
4 0.14140625 0.865625 0.2 0.18125