3 0.61875 0.1359375 0.19375 0.225
3 0.8734375 0.1265625 0.1875 0.20625
3 0.128125 0.128125 0.18125 0.2
3 0.884375 0.384375 0.20625 0.2125
3 0.884375 0.6328125 0.19375 0.209375
3 0.375 0.890625 0.20625 0.21875
5 0.6265625 0.378125 0.20625 0.2125
5 0.396875 0.621875 0.16875 0.196875
5 0.390625 0.390625 0.20625 0.215625
4 0.140625 0.3765625 0.20625 0.20625
4 0.634375 0.896875 0.19375 0.20625
2 0.64375 0.646875 0.21875 0.225
0 0.884375 0.8671875 0.16875 0.178125
4 0.11875 0.8828125 0.19375 0.21875
3 0.128125 0.6359375 0.19375 0.228125
4 0.378125 0.1359375 0.175 0.228125