3 0.11484375 0.57109375 0.2296875 0.2640625
3 0.6484375 0.403125 0.246875 0.24375
3 0.89375 0.44453125 0.2125 0.2453125
3 0.5640625 0.8890625 0.221875 0.221875
3 0.1890625 0.09765625 0.209375 0.1953125
3 0.15 0.32421875 0.2234375 0.234375
3 0.43359375 0.1234375 0.2328125 0.246875
3 0.32578125 0.86171875 0.2375 0.2265625
3 0.9078125 0.196875 0.184375 0.246875
2 0.86953125 0.69140625 0.2390625 0.2359375
2 0.6140625 0.66015625 0.2125 0.23125
2 0.390625 0.3703125 0.225 0.2078125
5 0.68125 0.15703125 0.2375 0.2484375
5 0.825 0.91953125 0.21875 0.1609375
3 0.3640625 0.62109375 0.2046875 0.234375
4 0.096875 0.81796875 0.19375 0.2265625