3 0.17265625 0.09296875 0.2234375 0.1859375
3 0.67734375 0.14921875 0.20625 0.228125
3 0.58203125 0.89375 0.2203125 0.2125
3 0.8921875 0.434375 0.215625 0.21875
3 0.43203125 0.11015625 0.20625 0.2078125
5 0.9125 0.196875 0.175 0.228125
5 0.125 0.584375 0.2078125 0.2171875
4 0.15703125 0.33671875 0.2 0.21875
4 0.60625 0.66484375 0.203125 0.2171875
4 0.3359375 0.86015625 0.2015625 0.2203125
4 0.0875 0.8265625 0.175 0.21875
2 0.83125 0.909375 0.20625 0.18125
2 0.653125 0.4078125 0.2015625 0.2234375
2 0.38125 0.6125 0.2234375 0.234375
0 0.40703125 0.365625 0.20625 0.2328125
0 0.8578125 0.690625 0.2 0.2203125