0 0.13671875 0.38125 0.196875 0.215625
0 0.890625 0.878125 0.21875 0.20625
0 0.38828125 0.3765625 0.21875 0.215625
2 0.38203125 0.62109375 0.2203125 0.23125
2 0.1328125 0.1359375 0.18125 0.2046875
0 0.871875 0.1203125 0.209375 0.2265625
2 0.3765625 0.12578125 0.20625 0.209375
2 0.13984375 0.6234375 0.221875 0.228125
3 0.63984375 0.64453125 0.209375 0.2234375
2 0.61484375 0.11171875 0.184375 0.209375
4 0.63828125 0.36640625 0.190625 0.215625
4 0.87890625 0.378125 0.2234375 0.2109375
4 0.14375 0.878125 0.196875 0.2421875
5 0.88984375 0.62578125 0.196875 0.1953125
5 0.6421875 0.87734375 0.19375 0.225
2 0.384375 0.87734375 0.215625 0.221875