3 0.4078125 0.11953125 0.2015625 0.228125
3 0.3671875 0.63359375 0.2078125 0.2109375
3 0.346875 0.875 0.225 0.2328125
5 0.88046875 0.390625 0.196875 0.221875
5 0.13359375 0.5921875 0.228125 0.2234375
3 0.6625 0.14453125 0.203125 0.228125
3 0.1515625 0.353125 0.2046875 0.2265625
3 0.10859375 0.859375 0.20625 0.196875
5 0.3953125 0.38125 0.1953125 0.21875
5 0.61171875 0.6546875 0.1890625 0.225
4 0.60859375 0.890625 0.2046875 0.21875
4 0.834375 0.90234375 0.221875 0.1953125
4 0.8828125 0.6578125 0.228125 0.215625
4 0.15859375 0.10390625 0.2140625 0.2078125
4 0.6359375 0.3890625 0.2140625 0.2390625
4 0.90703125 0.16015625 0.1859375 0.2265625