4 0.14765625 0.115625 0.2 0.2125
4 0.1390625 0.36875 0.1734375 0.21875
4 0.60703125 0.90078125 0.1765625 0.1984375
5 0.3921875 0.13828125 0.171875 0.203125
5 0.10234375 0.87421875 0.1921875 0.225
5 0.88046875 0.65546875 0.1734375 0.221875
3 0.63125 0.134375 0.1953125 0.2171875
3 0.1171875 0.62109375 0.1640625 0.20625
3 0.36796875 0.875 0.18125 0.225
3 0.625 0.4140625 0.18125 0.1796875
5 0.628125 0.63125 0.16875 0.190625
0 0.38125 0.36953125 0.18125 0.19375
0 0.8921875 0.15546875 0.19375 0.203125
0 0.8859375 0.38203125 0.2 0.19375
2 0.38671875 0.62109375 0.18125 0.2109375
2 0.86328125 0.89765625 0.18125 0.19375