3 0.13203125 0.34921875 0.2234375 0.2484375
3 0.634375 0.39140625 0.1953125 0.228125
3 0.3828125 0.621875 0.2 0.2234375
3 0.87578125 0.89453125 0.2078125 0.2109375
3 0.115625 0.6046875 0.2109375 0.2171875
5 0.40625 0.3734375 0.2 0.2421875
5 0.62421875 0.63359375 0.2484375 0.240625
5 0.6578125 0.1203125 0.221875 0.2234375
4 0.40703125 0.12265625 0.1984375 0.228125
4 0.9 0.159375 0.1859375 0.246875
4 0.61640625 0.88828125 0.2046875 0.2234375
2 0.88671875 0.40625 0.1859375 0.215625
2 0.8796875 0.653125 0.1984375 0.21875
2 0.10625 0.85 0.209375 0.215625
2 0.3546875 0.88984375 0.196875 0.184375
4 0.16328125 0.11953125 0.2046875 0.215625