3 0.1484375 0.3375 0.225 0.2359375
3 0.35625 0.61953125 0.21875 0.25
3 0.0984375 0.8234375 0.196875 0.240625
0 0.64765625 0.4015625 0.2078125 0.203125
0 0.9125 0.18046875 0.175 0.2046875
0 0.6734375 0.15 0.2015625 0.2203125
3 0.57734375 0.88828125 0.2078125 0.2234375
3 0.415625 0.10703125 0.2203125 0.2078125
2 0.6140625 0.65078125 0.2375 0.221875
5 0.8359375 0.9015625 0.25 0.196875
4 0.16953125 0.10859375 0.2234375 0.2171875
5 0.33984375 0.86796875 0.2203125 0.228125
5 0.11875 0.584375 0.2375 0.2625
4 0.846875 0.6734375 0.2109375 0.25
4 0.3890625 0.36640625 0.1828125 0.23125
4 0.9015625 0.42109375 0.196875 0.2265625