2 0.1296875 0.128125 0.21875 0.2359375
2 0.1265625 0.371875 0.178125 0.2296875
2 0.8921875 0.1328125 0.2109375 0.2109375
3 0.36875 0.378125 0.2234375 0.2109375
5 0.884375 0.3875 0.2015625 0.21875
2 0.3734375 0.8765625 0.2109375 0.2203125
0 0.628125 0.1328125 0.1734375 0.21875
5 0.88125 0.634375 0.1875 0.225
2 0.13125 0.8796875 0.184375 0.2109375
4 0.628125 0.625 0.1921875 0.2140625
4 0.6296875 0.8859375 0.1984375 0.215625
0 0.8859375 0.884375 0.20625 0.1984375
4 0.1265625 0.628125 0.184375 0.1984375
4 0.371875 0.634375 0.2015625 0.20625
3 0.375 0.13125 0.2046875 0.225