5 0.25859375 0.075 0.2421875 0.15
5 0.50234375 0.88984375 0.2515625 0.2203125
3 0.184375 0.26953125 0.2265625 0.2515625
3 0.34765625 0.575 0.240625 0.2453125
3 0.8875 0.5109375 0.225 0.253125
3 0.7359375 0.93515625 0.228125 0.1296875
2 0.8125 0.74296875 0.2203125 0.2234375
2 0.125 0.51953125 0.25 0.2671875
2 0.265625 0.828125 0.24375 0.246875
0 0.07734375 0.74453125 0.1546875 0.2453125
4 0.49921875 0.1203125 0.2296875 0.240625
4 0.43359375 0.35 0.221875 0.2390625
4 0.66015625 0.42578125 0.2453125 0.2484375
4 0.72890625 0.18984375 0.240625 0.25625
4 0.9140625 0.27421875 0.171875 0.2546875
4 0.5828125 0.6484375 0.2515625 0.2671875