4 0.134375 0.1296875 0.1796875 0.1890625
4 0.3734375 0.128125 0.15625 0.1984375
4 0.6265625 0.1140625 0.1578125 0.1796875
4 0.1328125 0.8796875 0.1484375 0.209375
4 0.134375 0.640625 0.15625 0.1609375
4 0.384375 0.6515625 0.1578125 0.1796875
5 0.878125 0.1171875 0.1484375 0.19375
5 0.128125 0.38125 0.1671875 0.19375
4 0.634375 0.6453125 0.1578125 0.1890625
3 0.3734375 0.38125 0.178125 0.184375
3 0.378125 0.884375 0.1515625 0.1671875
2 0.634375 0.9046875 0.1734375 0.178125
5 0.86875 0.875 0.1515625 0.1734375
2 0.8796875 0.6265625 0.153125 0.2109375
0 0.875 0.38125 0.1890625 0.1796875
0 0.6375 0.378125 0.1796875 0.215625