3 0.3796875 0.3796875 0.228125 0.2109375
3 0.6375 0.3734375 0.2140625 0.2109375
3 0.3890625 0.8875 0.209375 0.209375
3 0.1296875 0.63125 0.2109375 0.2109375
3 0.13125 0.38125 0.196875 0.20625
2 0.6296875 0.13125 0.209375 0.2140625
2 0.8859375 0.36875 0.225 0.2203125
2 0.634375 0.890625 0.1984375 0.2171875
0 0.8921875 0.8796875 0.178125 0.240625
0 0.3859375 0.121875 0.1984375 0.2046875
0 0.88125 0.134375 0.2140625 0.20625
4 0.1328125 0.146875 0.1796875 0.2234375
4 0.375 0.628125 0.1703125 0.196875
4 0.6296875 0.6484375 0.21875 0.2203125
4 0.8703125 0.6375 0.178125 0.2234375
4 0.128125 0.89375 0.1890625 0.1828125