5 0.34609375 0.1359375 0.1921875 0.215625
5 0.396875 0.8859375 0.19375 0.203125
0 0.878125 0.61484375 0.1921875 0.209375
0 0.60390625 0.125 0.1953125 0.2328125
4 0.11484375 0.14296875 0.203125 0.203125
4 0.13125 0.38515625 0.2046875 0.228125
4 0.3828125 0.384375 0.1859375 0.2140625
4 0.615625 0.378125 0.178125 0.1890625
4 0.88671875 0.3515625 0.1828125 0.178125
4 0.665625 0.8828125 0.16875 0.2046875
4 0.90078125 0.8671875 0.178125 0.1828125
4 0.3953125 0.64453125 0.171875 0.2046875
0 0.140625 0.653125 0.1953125 0.2140625
3 0.13515625 0.88984375 0.1953125 0.2203125
2 0.63203125 0.62578125 0.184375 0.21875
2 0.8671875 0.10078125 0.184375 0.1984375