3 0.20625 0.09453125 0.259375 0.1890625
3 0.4546875 0.1171875 0.2625 0.234375
4 0.4015625 0.3546875 0.2203125 0.2515625
4 0.7125 0.16328125 0.259375 0.2859375
4 0.08671875 0.79140625 0.1734375 0.2671875
4 0.11953125 0.546875 0.228125 0.2734375
0 0.91953125 0.21171875 0.1609375 0.2421875
0 0.88046875 0.4640625 0.2390625 0.259375
0 0.80078125 0.9125 0.2203125 0.175
0 0.16796875 0.303125 0.2296875 0.253125
2 0.3625 0.6 0.21875 0.2484375
5 0.6125 0.6625 0.2578125 0.25
4 0.3078125 0.84921875 0.234375 0.2359375
4 0.65859375 0.4140625 0.25 0.2546875
3 0.55625 0.88515625 0.24375 0.2296875