3 0.36171875 0.39765625 0.2125 0.2375
3 0.61796875 0.3703125 0.209375 0.23125
3 0.65859375 0.6109375 0.2140625 0.25
3 0.425 0.88984375 0.225 0.2203125
3 0.9109375 0.8359375 0.178125 0.228125
3 0.0984375 0.1796875 0.196875 0.221875
4 0.40078125 0.64296875 0.2140625 0.25
4 0.8859375 0.59296875 0.221875 0.2375
4 0.83046875 0.1109375 0.2015625 0.221875
4 0.87734375 0.3453125 0.228125 0.221875
2 0.325 0.15 0.225 0.228125
2 0.5859375 0.12109375 0.2171875 0.2359375
2 0.6875 0.8734375 0.2125 0.234375
2 0.18125 0.9171875 0.209375 0.165625
5 0.12265625 0.425 0.21875 0.2375
5 0.16875 0.68359375 0.2390625 0.234375