4 0.109375 0.17109375 0.21875 0.2484375
4 0.59453125 0.11484375 0.2390625 0.2296875
4 0.353125 0.14921875 0.234375 0.2421875
4 0.8421875 0.096875 0.221875 0.19375
4 0.88515625 0.33984375 0.2203125 0.2328125
3 0.64765625 0.61953125 0.21875 0.21875
3 0.6171875 0.34453125 0.2421875 0.2375
3 0.1265625 0.41640625 0.203125 0.2359375
3 0.4046875 0.87734375 0.209375 0.2296875
2 0.90390625 0.58984375 0.1921875 0.2234375
2 0.14765625 0.671875 0.2390625 0.2328125
2 0.16875 0.89765625 0.209375 0.2046875
4 0.9171875 0.8421875 0.165625 0.21875
4 0.6875 0.86640625 0.2203125 0.24375
4 0.38984375 0.6328125 0.2171875 0.2296875
2 0.375 0.3859375 0.2328125 0.2265625