3 0.096875 0.18046875 0.19375 0.2390625
3 0.9015625 0.575 0.196875 0.253125
3 0.61875 0.34609375 0.21875 0.221875
3 0.396875 0.640625 0.2125 0.2421875
4 0.33046875 0.159375 0.19375 0.2359375
4 0.11171875 0.41875 0.2109375 0.2296875
4 0.1625 0.6796875 0.215625 0.2296875
4 0.1859375 0.91328125 0.203125 0.1734375
4 0.859375 0.3375 0.171875 0.2078125
5 0.81953125 0.10234375 0.1828125 0.2046875
2 0.57734375 0.11640625 0.2046875 0.2234375
2 0.35234375 0.39140625 0.19375 0.221875
0 0.65703125 0.60703125 0.221875 0.2359375
4 0.44609375 0.88046875 0.2109375 0.2390625
4 0.68203125 0.8640625 0.20625 0.2296875
4 0.90546875 0.81953125 0.1890625 0.2546875