3 0.6203125 0.37421875 0.2296875 0.2265625
3 0.346875 0.15 0.2078125 0.225
3 0.1484375 0.6640625 0.203125 0.203125
5 0.8796875 0.3578125 0.21875 0.234375
5 0.18046875 0.9015625 0.2078125 0.196875
5 0.09921875 0.18125 0.1984375 0.21875
3 0.125 0.4140625 0.2171875 0.2203125
5 0.39921875 0.634375 0.2171875 0.2171875
5 0.64765625 0.61640625 0.2078125 0.2109375
0 0.8875 0.60625 0.225 0.184375
2 0.4328125 0.8796875 0.23125 0.240625
4 0.3828125 0.38828125 0.178125 0.2125
4 0.834375 0.10390625 0.18125 0.2078125
4 0.90703125 0.846875 0.1859375 0.228125
4 0.6734375 0.86328125 0.234375 0.25
0 0.590625 0.1109375 0.221875 0.221875