5 0.1375 0.1375 0.1734375 0.2046875
5 0.3859375 0.384375 0.196875 0.1734375
2 0.375 0.134375 0.1671875 0.1828125
2 0.884375 0.378125 0.1828125 0.2046875
3 0.63125 0.125 0.2015625 0.2140625
3 0.1234375 0.8875 0.1875 0.20625
4 0.88125 0.115625 0.1828125 0.184375
4 0.125 0.3734375 0.1796875 0.19375
4 0.1359375 0.6203125 0.1875 0.19375
4 0.6265625 0.61875 0.14375 0.1734375
4 0.878125 0.875 0.1734375 0.2203125
4 0.63125 0.878125 0.1734375 0.2015625
4 0.371875 0.6234375 0.1734375 0.1890625
4 0.371875 0.88125 0.2046875 0.2015625
3 0.634375 0.384375 0.1796875 0.2015625