5 0.21015625 0.08515625 0.2265625 0.1703125
5 0.54609375 0.8921875 0.2359375 0.215625
3 0.16171875 0.303125 0.209375 0.240625
3 0.35625 0.590625 0.225 0.23125
3 0.89140625 0.46953125 0.2171875 0.2390625
3 0.78671875 0.925 0.2140625 0.15
2 0.8359375 0.70859375 0.2078125 0.2109375
2 0.1265625 0.559375 0.240625 0.253125
2 0.30078125 0.85078125 0.2296875 0.2328125
0 0.0875 0.79296875 0.175 0.2296875
4 0.46015625 0.11796875 0.2140625 0.2359375
4 0.41796875 0.3578125 0.20625 0.228125
4 0.6515625 0.409375 0.23125 0.234375
4 0.6953125 0.16796875 0.2234375 0.24375
4 0.90546875 0.22734375 0.1890625 0.2390625
4 0.5984375 0.6390625 0.234375 0.2546875