3 0.134375 0.1265625 0.1890625 0.215625
3 0.890625 0.63125 0.175 0.2296875
3 0.6390625 0.3625 0.19375 0.196875
3 0.378125 0.625 0.184375 0.21875
4 0.378125 0.1390625 0.165625 0.215625
4 0.128125 0.365625 0.184375 0.20625
4 0.140625 0.6328125 0.1890625 0.20625
4 0.128125 0.8828125 0.1796875 0.1875
4 0.878125 0.3875 0.1453125 0.1890625
5 0.871875 0.14375 0.15625 0.1984375
2 0.6296875 0.1328125 0.1765625 0.2015625
2 0.3671875 0.3703125 0.1671875 0.2015625
0 0.640625 0.628125 0.19375 0.2109375
4 0.3921875 0.871875 0.18125 0.21875
4 0.628125 0.8875 0.1796875 0.20625
4 0.88125 0.8765625 0.203125 0.2296875