2 0.17109375 0.09765625 0.2296875 0.1953125
2 0.4 0.3640625 0.2078125 0.25
0 0.41875 0.1078125 0.2125 0.215625
3 0.3609375 0.609375 0.2078125 0.228125
3 0.6515625 0.4 0.234375 0.2328125
0 0.11640625 0.59140625 0.21875 0.2328125
0 0.596875 0.88125 0.2046875 0.2171875
0 0.91015625 0.1703125 0.1796875 0.259375
0 0.88125 0.66484375 0.2265625 0.215625
4 0.67109375 0.15546875 0.2234375 0.2484375
3 0.89453125 0.425 0.2046875 0.2234375
5 0.14140625 0.34140625 0.2140625 0.228125
0 0.34453125 0.871875 0.1984375 0.2234375
4 0.85078125 0.90703125 0.2328125 0.1859375
4 0.6140625 0.64375 0.215625 0.234375
4 0.0921875 0.82734375 0.184375 0.2453125