3 0.2109375 0.08828125 0.234375 0.1765625
3 0.165625 0.30078125 0.221875 0.2375
4 0.7828125 0.91796875 0.225 0.1640625
4 0.5421875 0.8921875 0.2625 0.215625
4 0.82734375 0.71953125 0.2234375 0.240625
4 0.45390625 0.11796875 0.2265625 0.2359375
4 0.40234375 0.359375 0.2546875 0.26875
0 0.884375 0.46328125 0.23125 0.2421875
2 0.30703125 0.8453125 0.2703125 0.2625
5 0.11171875 0.5421875 0.2234375 0.25
5 0.34921875 0.59921875 0.240625 0.2453125
5 0.65625 0.41015625 0.2390625 0.24375
5 0.59453125 0.64296875 0.23125 0.259375
2 0.9140625 0.21484375 0.171875 0.2359375
4 0.7078125 0.1671875 0.2375 0.2515625
4 0.0890625 0.79140625 0.178125 0.2546875