3 0.39296875 0.1125 0.25625 0.2015625
3 0.87421875 0.384375 0.196875 0.228125
5 0.87734375 0.6359375 0.1703125 0.1921875
5 0.128125 0.85625 0.190625 0.18125
3 0.875 0.1359375 0.1875 0.2
3 0.1390625 0.128125 0.190625 0.1921875
2 0.6453125 0.14453125 0.1703125 0.253125
2 0.8734375 0.875 0.18125 0.178125
4 0.13125 0.3875 0.1703125 0.215625
4 0.384375 0.40234375 0.1921875 0.2453125
4 0.12890625 0.625 0.1734375 0.1953125
4 0.38515625 0.65234375 0.190625 0.2140625
4 0.396875 0.8734375 0.2046875 0.1859375
4 0.63515625 0.63046875 0.1921875 0.196875
4 0.6328125 0.39921875 0.184375 0.196875
2 0.621875 0.87734375 0.209375 0.228125