2 0.1296875 0.121875 0.2109375 0.2015625
2 0.3859375 0.375 0.184375 0.2328125
0 0.378125 0.11875 0.1921875 0.196875
3 0.3734375 0.6234375 0.1875 0.2109375
3 0.640625 0.384375 0.2140625 0.2109375
0 0.128125 0.63125 0.196875 0.2140625
0 0.6359375 0.86875 0.184375 0.1984375
0 0.8921875 0.128125 0.19375 0.240625
0 0.89609375 0.62421875 0.2078125 0.1953125
4 0.634375 0.1390625 0.2015625 0.228125
3 0.884375 0.384375 0.184375 0.2046875
5 0.1265625 0.3796875 0.19375 0.209375
0 0.384375 0.8859375 0.178125 0.20625
4 0.89375 0.8921875 0.2125 0.2125
4 0.628125 0.63125 0.19375 0.215625
4 0.11875 0.8703125 0.1828125 0.228125