2 0.1109375 0.1671875 0.221875 0.25625
2 0.359375 0.3859375 0.234375 0.2375
2 0.11640625 0.40625 0.2328125 0.246875
4 0.590625 0.11953125 0.246875 0.2390625
4 0.8359375 0.10546875 0.259375 0.2109375
4 0.640625 0.6140625 0.196875 0.2109375
4 0.86796875 0.3421875 0.2390625 0.221875
4 0.3421875 0.14609375 0.20625 0.2421875
3 0.8875 0.59453125 0.225 0.2171875
2 0.61640625 0.38125 0.246875 0.2109375
0 0.1703125 0.915625 0.1875 0.16875
3 0.40078125 0.63125 0.225 0.2140625
4 0.41875 0.8875 0.21875 0.225
4 0.66171875 0.87265625 0.215625 0.24375
5 0.9140625 0.8515625 0.171875 0.228125
0 0.146875 0.68046875 0.2609375 0.2296875