3 0.1171875 0.1203125 0.196875 0.20625
3 0.6265625 0.128125 0.1796875 0.2046875
3 0.6375 0.8875 0.1921875 0.2046875
3 0.88125 0.38125 0.1921875 0.19375
3 0.378125 0.1234375 0.1828125 0.184375
5 0.8828125 0.140625 0.1796875 0.2046875
5 0.140625 0.6359375 0.1828125 0.19375
4 0.1375 0.3859375 0.1734375 0.196875
4 0.628125 0.6484375 0.178125 0.19375
4 0.3875 0.8796875 0.175 0.1984375
4 0.1296875 0.8828125 0.165625 0.1984375
2 0.8875 0.8796875 0.1796875 0.1984375
2 0.6390625 0.3875 0.175 0.2015625
2 0.3984375 0.628125 0.196875 0.209375
0 0.3890625 0.3796875 0.1796875 0.2109375
0 0.88125 0.6390625 0.1734375 0.1984375