4 0.134375 0.1328125 0.21875 0.228125
4 0.1359375 0.375 0.1890625 0.2234375
3 0.3734375 0.1296875 0.1796875 0.209375
3 0.878125 0.1359375 0.2140625 0.228125
3 0.8765625 0.39375 0.196875 0.196875
3 0.634375 0.8890625 0.1890625 0.2109375
5 0.8765625 0.88125 0.215625 0.1703125
5 0.3765625 0.38125 0.19375 0.2109375
5 0.625 0.6375 0.2109375 0.2359375
0 0.634375 0.3734375 0.2046875 0.21875
0 0.628125 0.13125 0.21875 0.2203125
0 0.8796875 0.6234375 0.196875 0.1890625
0 0.1296875 0.884375 0.19375 0.2109375
4 0.3828125 0.6359375 0.20625 0.215625
2 0.13125 0.63125 0.2203125 0.215625
0 0.39375 0.8796875 0.2046875 0.209375